customer_id	campaign	response	response_date	purchase	purchase_date	product_id	Rowid	age	age_youngest_child	average#balance#feed#index	branch	debt_equity	gender	bad_payment	gold_card	pension_plan	household_debt_to_equity_ratio	income	marital	members_in_household	months_current_account	months_customer	call_center_contacts	loan_accounts	number_products	number_transactions	non_worker_percentage	white_collar_percentage	rfm_score	X_random
117056	2	1	2006-07-28 00:00:00	1		421	2647	24	0	169	"Queensbury"	24	"F"	0	0	0	47	78654.000000	"S"	2	38	"48"	4	1	2	1	9	42	7.535670	3
117063	1	1	2006-04-27 00:00:00	1	2006-04-27 00:00:00		173	39	7	182	"Foxton"	39	"M"	0	0	0	47	78654.000000	"S"	2	41	"48"	4	0	1	1	9	42	9.425670	3
117096	2	1	2006-07-17 00:00:00	1		421	1738	29	3	104	"Catburg"	29	"F"	0	0	0	57	78652.000000	"U"	7	38	"48"	2	1	1	1	7	35	13.237300	2
117161	2	1	2006-07-13 00:00:00	1		183	1396	34	7	595	"Foxton"	34	"M"	0	0	0	56	78660.000000	"M"	2	6	"12"	2	0	5	18	6	36	24.827700	3
117221	2	1	2006-07-13 00:00:00	1		183	1401	66	38	489	"Queensbury"	66	"F"	0	0	0	49	78692.000000	"U"	1	22	"24"	3	0	3	26	9	41	33.088699	1
117269	2	1	2006-07-22 00:00:00	1		183	2180	32	5	409	"Kingsville"	32	"M"	0	0	0	54	78699.000000	"U"	5	33	"36"	2	0	4	11	15	29	17.708401	1
117273	2	1	2006-07-08 00:00:00	1		183	1045	15	0	312	"Princeton"	15	"F"	0	0	1	54	78699.000000	"S"	5	26	"36"	2	2	2	13	15	29	19.435699	2
117325	2	1	2006-07-26 00:00:00	1		183	2507	35	4	488	"Queensbury"	35	"F"	0	0	0	62	78721.000000	"U"	7	7	"12"	1	3	5	29	10	27	35.598400	2
117332	2	1	2006-07-17 00:00:00	1		183	1737	52	23	646	"Ravensville"	52	"M"	0	0	0	53	78667.000000	"U"	2	9	"12"	3	5	4	20	12	34	26.759001	2
117346	2	1	2006-07-20 00:00:00	1		421	2016	44	12	228	"Princeton"	44	"M"	0	0	0	53	78667.000000	"S"	3	35	"36"	3	0	1	1	12	34	12.719000	2
117363	2	1	2006-07-04 00:00:00	1		183	712	36	5	544	"Foxton"	36	"F"	0	0	0	63	78692.000000	"M"	6	8	"12"	1	0	2	28	10	25	34.912701	3
117367	1	1	2006-04-15 00:00:00	1	2006-04-15 00:00:00		92	45	17	241	"Foxton"	45	"F"	0	0	0	63	78692.000000	"M"	6	37	"48"	1	1	3	2	10	25	10.671300	2
117393	2	1	2006-07-05 00:00:00	0		421	744	53	24	70	"Kingsville"	53	"F"	0	0	0	42	78661.000000	"U"	3	39	"48"	4	0	4	1	12	44	8.502330	1
117406	2	1	2006-07-21 00:00:00	1		183	2047	33	2	496	"Catburg"	33	"M"	0	0	0	42	78661.000000	"U"	4	30	"36"	4	0	1	21	12	44	27.757500	2
117428	2	1	2006-07-02 00:00:00	1		421	565	32	4	89	"Catburg"	32	"M"	0	0	0	43	78733.000000	"M"	2	7	"12"	4	3	2	1	14	42	9.851660	2
117482	1	1	2006-05-17 00:00:00	1	2006-05-17 00:00:00		343	77	49	166	"Catburg"	77	"M"	0	0	0	30	78812.000000	"M"	5	31	"36"	6	2	3	1	13	55	8.759000	1
117487	2	1	2006-07-10 00:00:00	1		421	1198	19	0	83	"Princeton"	19	"F"	0	0	0	30	78812.000000	"S"	6	14	"24"	6	2	4	2	13	55	8.346650	3
117554	2	1	2006-07-03 00:00:00	0		421	601	37	11	168	"Foxton"	37	"F"	0	0	0	58	78849.000000	"U"	3	22	"24"	2	0	2	2	10	31	11.091300	2
117634	2	1	2006-07-24 00:00:00	1		183	2338	33	5	447	"Catburg"	33	"M"	0	0	0	67	78761.000000	"S"	2	29	"36"	0	1	2	16	10	22	22.913500	2
117653	2	1	2006-07-08 00:00:00	1		421	1041	20	0	213	"Ravensville"	20	"M"	0	0	0	52	78799.000000	"S"	5	12	"24"	3	0	1	1	12	35	12.099000	2
117805	2	1	2006-07-14 00:00:00	0		421	1530	42	13	613	"Kingsville"	42	"M"	0	0	0	80	79398.000000	"S"	6	15	"24"	1	2	4	3	4	15	10.637000	2
117808	2	1	2006-07-16 00:00:00	1		183	1681	17	0	724	"Kingsville"	17	"F"	0	0	0	80	79398.000000	"S"	6	13	"24"	1	0	4	15	4	15	22.182400	1
117810	2	1	2006-07-10 00:00:00	0		421	1173	40	5	99	"Catburg"	40	"M"	0	0	0	80	79398.000000	"M"	6	7	"12"	1	1	3	2	4	15	11.465700	2
117853	2	1	2006-07-08 00:00:00	1		421	1034	38	7	76	"Kingsville"	38	"F"	0	0	0	45	79425.000000	"U"	5	21	"24"	4	0	4	3	10	44	12.337600	3
117865	2	1	2006-07-11 00:00:00	0		421	1242	54	24	119	"Kingsville"	54	"F"	0	0	0	45	79425.000000	"U"	4	37	"48"	4	3	3	2	10	44	12.519000	2
117891	2	1	2006-07-07 00:00:00	1		421	943	31	2	299	"Kingsville"	31	"F"	0	0	0	54	79372.000000	"U"	3	32	"36"	2	1	2	1	8	36	10.032300	1
117954	2	1	2006-07-18 00:00:00	1		421	1848	27	0	197	"Foxton"	27	"F"	0	0	0	42	79427.000000	"S"	2	27	"36"	4	2	4	1	14	42	12.289000	2
118001	1	1	2006-04-27 00:00:00	1	2006-04-27 00:00:00		179	27	1	267	"Catburg"	27	"M"	0	0	0	65	79404.000000	"M"	6	17	"24"	0	2	5	2	15	19	10.138000	3
118193	1	1	2006-05-25 00:00:00	1	2006-05-25 00:00:00		417	47	18	269	"Kingsville"	47	"M"	0	0	0	34	79998.000000	"U"	3	17	"24"	6	0	5	3	13	51	10.577300	1
118277	2	1	2006-07-06 00:00:00	1		421	862	16	0	347	"Catburg"	16	"M"	0	0	0	52	80092.000000	"S"	6	11	"12"	2	1	5	3	22	24	11.075600	2
118316	2	1	2006-07-20 00:00:00	1		183	2008	34	7	1034	"Catburg"	34	"M"	0	0	0	55	80110.000000	"S"	7	5	"12"	2	0	3	14	9	35	21.406601	1
118345	2	1	2006-07-08 00:00:00	0		183	1027	43	15	305	"Princeton"	43	"M"	0	0	0	57	80066.000000	"M"	3	34	"36"	2	1	2	1	11	31	8.379000	1
118372	2	1	2006-07-24 00:00:00	0		421	2340	51	19	210	"Ravensville"	51	"M"	0	0	0	56	80121.000000	"M"	5	5	"12"	2	0	3	1	11	32	11.455700	2
118410	2	1	2006-07-19 00:00:00	1		421	1884	39	14	126	"Foxton"	39	"M"	0	0	0	59	80124.000000	"U"	2	18	"24"	1	0	3	2	4	36	12.489700	2
118494	2	1	2006-07-25 00:00:00	1		421	2386	26	0	319	"Kingsville"	26	"F"	0	0	0	56	80413.000000	"S"	5	33	"36"	2	2	3	2	13	29	9.752320	1
118599	2	1	2006-07-24 00:00:00	0		421	2317	52	22	137	"Princeton"	52	"M"	0	0	0	61	80383.000000	"S"	2	29	"36"	1	0	2	1	6	32	12.553300	1
118628	2	1	2006-07-02 00:00:00	1		421	557	15	0	258	"Queensbury"	15	"M"	0	0	0	60	80396.000000	"S"	7	20	"24"	1	1	4	2	18	21	9.624670	3
118631	1	1	2006-05-28 00:00:00	1	2006-05-28 00:00:00		441	34	3	1082	"Ravensville"	34	"F"	0	0	0	60	80396.000000	"S"	7	20	"24"	1	1	4	11	18	21	18.153700	1
118650	2	1	2006-07-29 00:00:00	0		421	2696	48	18	259	"Foxton"	48	"F"	0	0	0	63	80435.000000	"S"	7	27	"36"	1	4	3	2	11	24	8.592320	2
118665	2	1	2006-07-24 00:00:00	0		183	2359	47	16	349	"Catburg"	47	"M"	0	0	0	64	80499.000000	"U"	5	22	"24"	1	0	2	1	8	26	9.815670	1
118690	2	1	2006-07-27 00:00:00	0		421	2548	68	42	162	"Queensbury"	68	"F"	0	0	0	54	80645.000000	"M"	5	24	"36"	2	0	2	2	10	35	13.353900	2
118716	2	1	2006-07-05 00:00:00	1		183	747	48	21	1318	"Ravensville"	48	"M"	0	0	1	63	80800.000000	"S"	3	18	"24"	1	2	5	43	12	24	50.454601	2
118745	1	1	2006-04-20 00:00:00	1	2006-04-20 00:00:00		121	35	5	353	"Ravensville"	35	"M"	0	0	0	38	81386.000000	"M"	4	5	"12"	5	0	3	2	9	52	10.829000	2
118760	2	1	2006-07-08 00:00:00	1		421	1052	58	27	31	"Catburg"	58	"M"	0	0	0	38	81386.000000	"U"	3	40	"48"	5	0	3	1	9	52	12.530000	3
118770	2	1	2006-07-10 00:00:00	1		183	1182	30	2	722	"Foxton"	30	"M"	0	0	0	64	81438.000000	"M"	2	5	"12"	1	2	2	17	12	22	24.000900	1
118822	2	1	2006-07-06 00:00:00	0		183	869	51	20	120	"Ravensville"	51	"M"	0	0	0	51	81441.000000	"M"	1	22	"24"	3	1	3	1	10	37	7.319990	3
118878	2	1	2006-07-30 00:00:00	1		421	2806	27	0	57	"Princeton"	27	"M"	0	0	0	61	81448.000000	"S"	6	17	"24"	1	2	4	2	16	22	9.121610	3
118945	2	1	2006-07-04 00:00:00	1		183	714	24	0	826	"Kingsville"	24	"F"	0	0	1	54	81374.000000	"S"	2	9	"12"	2	3	3	19	7	38	26.417299	3
119028	1	1	2006-04-25 00:00:00	1	2006-04-25 00:00:00		163	27	0	159	"Ravensville"	27	"F"	0	0	0	72	81822.000000	"S"	2	31	"36"	0	0	2	1	12	14	9.492330	3
119031	2	1	2006-07-27 00:00:00	1		183	2543	45	18	627	"Ravensville"	45	"F"	0	0	0	67	82108.000000	"S"	7	30	"36"	0	0	6	13	4	27	20.119900	1
119037	1	1	2006-04-01 00:00:00	1	2006-04-01 00:00:00		8	45	15	257	"Ravensville"	45	"M"	0	0	0	67	82108.000000	"S"	7	28	"36"	0	2	6	3	4	27	9.934990	2
119057	2	1	2006-07-20 00:00:00	1		183	1987	61	33	560	"Catburg"	61	"F"	0	0	0	67	82108.000000	"M"	6	12	"24"	0	7	0	20	4	27	26.928699	1
119137	1	1	2006-05-21 00:00:00	1	2006-05-21 00:00:00		379	34	0	804	"Ravensville"	34	"M"	0	0	0	67	82108.000000	"S"	7	31	"36"	0	3	2	14	4	27	21.037201	3
119155	2	1	2006-07-09 00:00:00	0		421	1084	24	0	111	"Queensbury"	24	"F"	0	0	0	67	82108.000000	"S"	7	11	"24"	0	3	3	1	4	27	11.342300	3
119271	2	1	2006-07-19 00:00:00	1		183	1915	41	11	382	"Ravensville"	41	"M"	0	0	0	67	82108.000000	"S"	7	36	"48"	0	1	1	8	4	27	14.619600	3
119319	2	1	2006-07-14 00:00:00	1		183	1525	35	3	453	"Ravensville"	35	"F"	0	0	0	67	82108.000000	"S"	7	16	"24"	0	0	3	28	4	27	34.752201	2
119447	2	1	2006-07-31 00:00:00	1		421	2854	36	4	91	"Ravensville"	36	"M"	0	0	0	45	82064.000000	"M"	5	18	"24"	4	1	3	2	12	41	11.722300	1
119512	2	1	2006-07-24 00:00:00	1		421	2326	46	16	99	"Ravensville"	46	"M"	0	0	0	45	82064.000000	"M"	5	9	"12"	4	2	4	1	12	41	7.799000	1
119516	2	1	2006-07-21 00:00:00	1		183	2054	41	8	509	"Catburg"	41	"M"	0	0	0	45	82064.000000	"U"	5	41	"48"	4	1	4	18	12	41	25.491600	2
119560	1	1	2006-05-26 00:00:00	1	2006-05-26 00:00:00		420	30	3	166	"Queensbury"	30	"M"	0	0	0	45	82064.000000	"U"	5	15	"24"	4	0	2	1	12	41	8.459000	3
119584	2	1	2006-07-14 00:00:00	0		421	1541	44	13	68	"Catburg"	44	"M"	0	0	0	45	82064.000000	"U"	5	17	"24"	4	7	4	2	12	41	9.258990	1
119603	2	1	2006-07-07 00:00:00	1		421	936	25	0	356	"Princeton"	25	"F"	0	0	0	45	82064.000000	"S"	5	14	"24"	4	2	2	1	12	41	9.972330	3
119640	2	1	2006-07-01 00:00:00	1		183	481	58	23	489	"Ravensville"	58	"M"	0	0	0	45	82064.000000	"U"	4	26	"36"	4	5	5	26	12	41	32.855400	1
119659	2	1	2006-07-25 00:00:00	1		421	2401	38	9	258	"Queensbury"	38	"M"	0	0	0	45	82064.000000	"S"	5	5	"12"	4	1	5	3	12	41	12.591300	2
119682	1	1	2006-04-16 00:00:00	1	2006-04-16 00:00:00		94	30	1	182	"Kingsville"	30	"F"	0	0	0	45	82064.000000	"M"	5	22	"24"	4	1	2	1	12	41	9.792330	1
119684	1	1	2006-04-12 00:00:00	1	2006-04-12 00:00:00		70	34	4	159	"Queensbury"	34	"M"	0	0	0	45	82064.000000	"S"	5	21	"24"	4	1	2	1	12	41	9.925670	3
119896	2	1	2006-07-10 00:00:00	0		183	1181	54	25	129	"Foxton"	54	"F"	0	0	0	68	82067.000000	"M"	2	28	"36"	0	1	2	1	4	26	9.929000	3
119942	2	1	2006-07-04 00:00:00	1		183	699	47	16	709	"Catburg"	47	"M"	0	0	0	68	82067.000000	"U"	3	14	"24"	0	0	4	16	4	26	22.899000	1
119968	2	1	2006-07-21 00:00:00	0		183	2066	51	21	199	"Queensbury"	51	"F"	0	0	0	68	82067.000000	"S"	2	29	"36"	0	0	5	3	4	26	9.612270	3
119999	2	1	2006-07-18 00:00:00	0		421	1845	53	22	633	"Catburg"	53	"F"	0	0	0	68	82067.000000	"M"	2	24	"36"	0	1	2	4	4	26	10.724300	1
120065	2	1	2006-07-14 00:00:00	0		183	1532	42	15	160	"Queensbury"	42	"M"	0	0	0	68	82067.000000	"M"	3	33	"36"	0	1	5	3	4	26	10.419600	1
120100	2	1	2006-07-14 00:00:00	1		421	1538	18	0	105	"Ravensville"	18	"F"	0	0	0	49	82349.000000	"S"	7	29	"36"	3	5	4	2	13	37	9.461160	2
120101	2	1	2006-07-29 00:00:00	1		421	2692	20	0	338	"Foxton"	20	"M"	0	0	0	49	82349.000000	"S"	7	39	"48"	3	0	2	2	13	37	11.238000	2
120111	1	1	2006-05-18 00:00:00	1	2006-05-18 00:00:00		346	26	0	521	"Foxton"	26	"F"	1	0	0	75	82270.000000	"S"	5	27	"36"	0	0	0	6	14	10	14.087100	2
120176	2	1	2006-07-02 00:00:00	1		183	552	40	9	451	"Kingsville"	40	"M"	0	0	0	49	82442.000000	"S"	5	36	"48"	3	0	6	17	9	40	24.076000	3
120208	2	1	2006-07-10 00:00:00	0		421	1177	63	32	179	"Catburg"	63	"F"	0	0	0	59	82443.000000	"U"	2	36	"48"	1	2	2	1	10	29	13.212300	1
120253	2	1	2006-07-21 00:00:00	1		183	2055	41	12	229	"Ravensville"	41	"M"	0	0	0	61	82365.000000	"S"	2	31	"36"	1	0	0	14	6	32	21.013901	3
120323	2	1	2006-07-02 00:00:00	1		183	553	46	21	526	"Ravensville"	46	"M"	0	0	0	35	82454.000000	"S"	1	7	"12"	6	3	5	20	18	46	26.768801	2
120350	2	1	2006-07-24 00:00:00	1		183	2329	46	14	1053	"Catburg"	46	"F"	0	0	0	62	82920.000000	"U"	6	23	"36"	1	3	4	18	8	28	25.398701	2
120362	2	1	2006-07-20 00:00:00	1		183	2000	28	1	642	"Ravensville"	28	"M"	0	0	0	62	82920.000000	"S"	6	22	"24"	1	1	4	15	8	28	21.993900	1
120434	2	1	2006-07-20 00:00:00	1		183	1997	52	22	556	"Ravensville"	52	"F"	0	0	0	61	82920.000000	"M"	4	39	"48"	1	0	4	29	16	21	36.155201	3
120463	2	1	2006-07-17 00:00:00	0		421	1754	50	20	54	"Foxton"	50	"F"	0	0	0	52	82943.000000	"U"	3	16	"24"	2	1	3	2	11	35	9.253990	1
120485	2	1	2006-07-11 00:00:00	0		421	1248	55	29	229	"Queensbury"	55	"M"	0	0	0	57	82905.000000	"M"	2	15	"24"	1	0	3	1	13	29	11.562300	1
120609	2	1	2006-07-04 00:00:00	1		183	696	58	30	412	"Kingsville"	58	"F"	0	0	0	46	82920.000000	"U"	6	24	"36"	3	2	1	20	13	40	27.299801	3
120622	2	1	2006-07-24 00:00:00	1		421	2330	25	0	166	"Foxton"	25	"M"	0	0	0	60	82899.000000	"S"	2	37	"48"	1	0	5	2	8	31	10.392300	1
120681	2	1	2006-07-19 00:00:00	1		421	1913	27	0	125	"Foxton"	27	"M"	0	0	0	55	82915.000000	"S"	4	10	"12"	2	1	2	1	15	29	11.785700	3
120687	2	1	2006-07-13 00:00:00	0		183	1419	37	8	219	"Kingsville"	37	"M"	0	0	0	55	82915.000000	"M"	4	21	"24"	2	1	2	1	15	29	8.899000	1
120691	1	1	2006-04-12 00:00:00	1	2006-04-12 00:00:00		72	31	3	159	"Foxton"	31	"F"	0	0	0	55	82915.000000	"M"	4	30	"36"	2	2	3	1	15	29	9.925670	1
120699	2	1	2006-07-23 00:00:00	1		183	2229	33	4	486	"Ravensville"	33	"M"	0	0	0	57	82909.000000	"M"	7	13	"24"	1	0	3	17	11	30	23.619200	3
120751	2	1	2006-07-13 00:00:00	1		183	1415	47	12	588	"Princeton"	47	"F"	0	0	0	44	83009.000000	"M"	6	28	"36"	4	1	0	22	15	39	30.044600	2
120831	2	1	2006-07-17 00:00:00	0		183	1753	49	20	223	"Foxton"	49	"F"	0	0	0	51	83438.000000	"M"	3	35	"36"	3	1	2	1	12	35	12.432300	1
120847	2	1	2006-07-26 00:00:00	1		183	2489	50	20	597	"Catburg"	50	"M"	0	0	0	60	83383.000000	"U"	5	10	"12"	1	1	6	26	10	28	32.763401	2
120889	2	1	2006-07-13 00:00:00	0		421	1416	35	5	178	"Kingsville"	35	"M"	0	0	0	59	83390.000000	"M"	2	10	"12"	1	1	4	2	17	23	9.411330	2
120902	2	1	2006-07-14 00:00:00	1		183	1531	38	7	504	"Kingsville"	38	"F"	0	0	0	59	83390.000000	"U"	2	19	"24"	1	1	5	14	17	23	20.626699	2
120941	2	1	2006-07-16 00:00:00	1		421	1688	40	6	257	"Foxton"	40	"M"	0	0	0	57	83421.000000	"U"	3	6	"12"	2	1	3	1	14	28	10.615700	1
120981	1	1	2006-05-26 00:00:00	1	2006-05-26 00:00:00		421	26	0	159	"Catburg"	26	"F"	0	0	0	53	83367.000000	"S"	5	11	"24"	2	1	1	1	13	32	8.459000	1
121071	1	1	2006-04-17 00:00:00	1	2006-04-17 00:00:00		100	33	5	179	"Queensbury"	33	"F"	0	0	0	55	83542.000000	"S"	6	17	"24"	2	0	3	2	14	29	10.764000	1
121133	2	1	2006-07-07 00:00:00	1		421	949	31	3	181	"Princeton"	31	"M"	0	0	0	64	83511.000000	"M"	3	29	"36"	1	0	3	2	14	20	13.658000	3
121142	1	1	2006-05-08 00:00:00	1	2006-05-08 00:00:00		272	50	20	235	"Princeton"	50	"M"	0	0	0	64	83511.000000	"M"	2	18	"24"	1	1	4	3	14	20	9.561320	2
121187	1	1	2006-04-08 00:00:00	1	2006-04-08 00:00:00		49	25	0	159	"Ravensville"	25	"M"	0	0	0	64	83511.000000	"S"	3	25	"36"	1	1	1	1	14	20	10.059000	3
121187	2	1	2006-07-07 00:00:00	1		421	940	25	0	159	"Ravensville"	25	"M"	0	0	0	64	83511.000000	"S"	3	25	"36"	1	1	1	1	14	20	10.059000	3
121234	2	1	2006-07-15 00:00:00	1		183	1587	48	15	1021	"Ravensville"	48	"M"	0	0	0	64	83460.000000	"S"	4	12	"24"	1	0	1	29	14	21	36.136700	2
121238	2	1	2006-07-11 00:00:00	0		183	1245	41	13	473	"Ravensville"	41	"M"	0	0	0	64	83460.000000	"U"	4	11	"24"	1	0	4	2	14	21	12.351300	1
121280	2	1	2006-07-19 00:00:00	0		183	1912	45	16	157	"Foxton"	45	"M"	0	0	0	64	83460.000000	"U"	4	12	"24"	1	1	1	1	14	21	8.582330	1
121314	2	1	2006-07-30 00:00:00	0		183	2795	38	10	362	"Ravensville"	38	"F"	0	0	0	52	83483.000000	"M"	3	18	"24"	3	2	5	3	20	26	11.004700	1
121346	2	1	2006-07-14 00:00:00	0		183	1536	47	21	102	"Kingsville"	47	"F"	0	0	0	52	83483.000000	"U"	2	19	"24"	3	1	5	3	20	26	12.890900	2
121351	2	1	2006-07-30 00:00:00	1		421	2797	33	2	213	"Princeton"	33	"M"	0	0	0	52	83483.000000	"U"	3	25	"36"	3	3	2	1	20	26	10.732300	1
121356	2	1	2006-07-21 00:00:00	0		183	2065	39	7	168	"Queensbury"	39	"F"	0	0	0	52	83483.000000	"S"	3	36	"48"	3	0	6	3	20	26	13.714600	1
121383	2	1	2006-07-27 00:00:00	1		183	2544	32	4	831	"Princeton"	32	"M"	0	0	0	44	83719.000000	"U"	7	15	"24"	4	2	4	24	13	41	30.942400	2
121411	2	1	2006-07-14 00:00:00	1		183	1537	39	8	335	"Kingsville"	39	"M"	0	0	0	44	83719.000000	"S"	7	5	"12"	4	3	6	25	13	41	31.729099	2
121431	2	1	2006-07-14 00:00:00	1		421	1529	35	3	120	"Ravensville"	35	"M"	0	0	0	44	83719.000000	"U"	7	16	"24"	4	0	4	2	13	41	10.038300	2
121457	1	1	2006-04-05 00:00:00	1	2006-04-05 00:00:00		34	40	13	171	"Kingsville"	40	"F"	0	0	0	44	83719.000000	"M"	7	19	"24"	4	1	1	1	13	41	10.159000	3
121463	1	1	2006-04-23 00:00:00	1	2006-04-23 00:00:00		146	60	31	208	"Queensbury"	60	"F"	0	0	0	44	83719.000000	"U"	6	25	"36"	4	1	2	2	13	41	9.674670	1
121524	2	1	2006-07-01 00:00:00	1		421	480	46	15	183	"Kingsville"	46	"M"	0	0	0	44	83719.000000	"S"	7	32	"36"	4	0	3	1	13	41	11.025700	3
121528	2	1	2006-07-05 00:00:00	1		421	757	26	0	299	"Princeton"	26	"M"	0	0	0	44	83719.000000	"S"	7	25	"36"	4	1	3	1	13	41	11.065700	3
121554	1	1	2006-05-13 00:00:00	1	2006-05-13 00:00:00		316	41	9	166	"Kingsville"	41	"F"	0	0	0	44	83719.000000	"U"	7	5	"12"	4	0	1	1	13	41	8.892330	1
121583	2	1	2006-07-12 00:00:00	1		183	1333	63	32	449	"Queensbury"	63	"F"	0	0	0	44	83719.000000	"S"	6	27	"36"	4	1	3	22	13	41	29.348301	2
121603	2	1	2006-07-30 00:00:00	1		183	2800	43	17	798	"Queensbury"	43	"F"	0	0	0	44	83719.000000	"S"	7	32	"36"	4	1	0	27	13	41	34.300098	3
121659	2	1	2006-07-27 00:00:00	1		421	2541	33	4	148	"Ravensville"	33	"F"	0	0	0	44	83719.000000	"M"	7	38	"48"	4	1	2	1	13	41	8.805670	1
121750	2	1	2006-07-15 00:00:00	1		183	1588	25	0	517	"Ravensville"	25	"F"	0	0	0	44	83719.000000	"S"	7	13	"24"	4	0	2	23	13	41	29.773399	3
121821	2	1	2006-07-22 00:00:00	1		421	2166	41	13	98	"Queensbury"	41	"M"	0	0	0	44	83719.000000	"U"	7	27	"36"	4	2	2	2	13	41	9.394990	3
121850	2	1	2006-07-20 00:00:00	1		183	2003	64	35	1307	"Foxton"	64	"F"	0	0	0	44	83719.000000	"U"	6	27	"36"	4	2	5	39	13	41	46.443501	2
121859	2	1	2006-07-22 00:00:00	1		421	2165	42	14	299	"Princeton"	42	"M"	0	0	0	44	83719.000000	"M"	7	17	"24"	4	1	2	1	13	41	10.865700	1
121877	2	1	2006-07-05 00:00:00	0		421	754	79	51	197	"Queensbury"	79	"F"	0	0	0	44	83719.000000	"U"	6	7	"12"	4	0	3	2	13	41	9.312320	2
121893	1	1	2006-05-13 00:00:00	1	2006-05-13 00:00:00		314	51	24	378	"Queensbury"	51	"M"	0	0	0	44	83719.000000	"M"	6	35	"36"	4	2	4	2	13	41	10.111300	1
121899	2	1	2006-07-02 00:00:00	1		183	551	38	13	326	"Kingsville"	38	"F"	0	0	1	44	83719.000000	"M"	7	18	"24"	4	0	6	19	13	41	25.692499	1
121925	2	1	2006-07-11 00:00:00	1		421	1249	43	12	94	"Foxton"	43	"M"	0	0	0	44	83719.000000	"S"	7	21	"24"	4	0	3	2	13	41	11.727300	1
121997	2	1	2006-07-27 00:00:00	1		421	2542	33	2	140	"Princeton"	33	"M"	0	0	0	56	83729.000000	"M"	3	24	"36"	2	1	5	2	17	26	9.071320	2
122012	2	1	2006-07-14 00:00:00	1		183	1540	66	36	126	"Kingsville"	66	"F"	0	0	0	56	83729.000000	"S"	2	6	"12"	2	0	0	14	17	26	20.676500	1
122214	2	1	2006-07-26 00:00:00	1		183	2488	48	13	669	"Queensbury"	48	"M"	0	0	1	56	83729.000000	"S"	3	6	"12"	2	0	1	21	17	26	27.725100	1
122216	2	1	2006-07-05 00:00:00	0		183	740	44	19	220	"Kingsville"	44	"F"	0	0	0	56	83729.000000	"M"	2	39	"48"	2	1	4	2	17	26	12.175700	2
122222	2	1	2006-07-12 00:00:00	0		183	1335	40	11	296	"Ravensville"	40	"M"	0	0	0	56	83729.000000	"M"	3	22	"24"	2	1	3	1	17	26	8.545670	3
122237	2	1	2006-07-09 00:00:00	1		183	1081	21	0	603	"Catburg"	21	"F"	0	0	0	56	83729.000000	"S"	3	17	"24"	2	0	6	14	17	26	21.140400	3
122239	2	1	2006-07-10 00:00:00	0		421	1178	52	26	163	"Queensbury"	52	"F"	0	0	0	56	83729.000000	"S"	2	6	"12"	2	2	4	1	17	26	12.125700	1
122264	2	1	2006-07-07 00:00:00	1		183	950	72	41	738	"Kingsville"	72	"F"	0	0	0	56	83729.000000	"M"	2	31	"36"	2	0	3	13	17	26	21.330400	3
122331	2	1	2006-07-06 00:00:00	1		421	864	18	0	74	"Queensbury"	18	"F"	0	0	0	56	83729.000000	"S"	3	23	"24"	2	1	4	1	17	26	10.640700	2
122381	1	1	2006-05-23 00:00:00	1	2006-05-23 00:00:00		393	35	9	167	"Catburg"	35	"M"	0	0	0	56	83729.000000	"S"	3	30	"36"	2	0	3	1	17	26	8.559000	2
122413	2	1	2006-07-26 00:00:00	1		183	2491	31	0	449	"Kingsville"	31	"F"	0	0	0	56	83729.000000	"S"	3	8	"12"	2	1	4	18	17	26	25.848301	2
122453	2	1	2006-07-14 00:00:00	0		421	1534	41	14	819	"Kingsville"	41	"F"	0	0	0	56	83729.000000	"M"	3	13	"24"	2	1	4	3	17	26	11.291300	1
122486	2	1	2006-07-24 00:00:00	1		183	2323	39	12	572	"Princeton"	39	"F"	0	0	0	56	83729.000000	"M"	3	40	"48"	2	2	0	8	17	26	15.138600	1
122522	2	1	2006-07-21 00:00:00	0		421	2058	47	21	269	"Queensbury"	47	"M"	0	0	0	56	83729.000000	"S"	2	14	"24"	2	0	3	1	17	26	13.269000	2
122548	2	1	2006-07-20 00:00:00	0		183	1998	40	12	205	"Ravensville"	40	"F"	0	0	0	56	83729.000000	"M"	3	29	"36"	2	2	3	1	17	26	8.979000	1
122610	2	1	2006-07-09 00:00:00	1		183	1089	47	23	449	"Ravensville"	47	"M"	0	0	0	56	83729.000000	"S"	2	11	"24"	2	0	5	20	17	26	26.793501	3
122616	2	1	2006-07-14 00:00:00	1		421	1528	22	0	134	"Queensbury"	22	"M"	0	0	0	58	83660.000000	"S"	6	37	"48"	1	1	2	2	14	26	8.318990	2
122763	2	1	2006-07-03 00:00:00	1		421	610	26	0	219	"Princeton"	26	"M"	0	0	0	58	83660.000000	"S"	6	10	"12"	1	1	3	2	14	26	9.593000	3
122773	1	1	2006-05-16 00:00:00	1	2006-05-16 00:00:00		329	31	2	245	"Princeton"	31	"F"	0	0	0	58	83660.000000	"S"	6	10	"12"	1	0	4	3	14	26	10.878300	3
122826	2	1	2006-07-27 00:00:00	0		183	2555	35	5	53	"Kingsville"	35	"F"	0	0	0	58	83660.000000	"S"	6	21	"24"	1	0	3	2	14	26	10.181300	3
122853	2	1	2006-07-30 00:00:00	1		183	2802	12	0	507	"Catburg"	12	"F"	0	0	0	58	83660.000000	"S"	6	11	"24"	1	0	1	28	14	26	35.177700	2
122906	2	1	2006-07-08 00:00:00	0		183	1031	46	16	119	"Catburg"	46	"M"	0	0	0	58	83660.000000	"U"	6	7	"12"	1	3	2	1	14	26	12.909000	2
122932	2	1	2006-07-05 00:00:00	1		183	755	49	19	446	"Foxton"	49	"M"	0	0	0	58	83660.000000	"U"	5	37	"48"	1	0	0	20	14	26	27.046101	2
122947	2	1	2006-07-24 00:00:00	1		183	2324	28	1	510	"Catburg"	28	"F"	0	0	0	58	83660.000000	"M"	6	5	"12"	1	0	4	15	14	26	21.904900	2
122947	1	1	2006-05-04 00:00:00	1	2006-05-04 00:00:00		244	28	1	510	"Catburg"	28	"F"	0	0	0	58	83660.000000	"M"	6	5	"12"	1	0	4	15	14	26	21.904900	2
122959	2	1	2006-07-26 00:00:00	1		183	2490	40	0	1102	"Foxton"	40	"M"	0	0	0	58	83660.000000	"S"	6	11	"24"	1	0	5	45	14	26	52.567699	3
122986	1	1	2006-05-04 00:00:00	1	2006-05-04 00:00:00		245	32	0	164	"Kingsville"	32	"M"	0	0	0	58	83660.000000	"S"	6	29	"36"	1	0	1	1	14	26	9.192330	1
123126	2	1	2006-07-20 00:00:00	0		183	1999	48	17	79	"Foxton"	48	"M"	0	0	0	58	83660.000000	"S"	6	38	"48"	1	2	4	2	14	26	11.812300	1
123211	2	1	2006-07-04 00:00:00	1		183	697	43	14	181	"Ravensville"	43	"F"	0	0	0	58	83660.000000	"S"	6	17	"24"	1	2	5	20	14	26	28.180300	1
123313	2	1	2006-07-20 00:00:00	0		421	2004	50	19	55	"Ravensville"	50	"F"	0	0	0	54	83783.000000	"S"	3	11	"24"	2	1	2	1	6	38	12.115700	2
123514	1	1	2006-05-29 00:00:00	1	2006-05-29 00:00:00		456	31	0	510	"Catburg"	31	"F"	0	0	0	54	83783.000000	"S"	4	25	"36"	2	2	1	28	6	38	34.709099	1
123555	2	1	2006-07-23 00:00:00	0		421	2230	44	16	140	"Kingsville"	44	"F"	0	0	0	54	83783.000000	"S"	4	7	"12"	2	0	3	2	6	38	12.491600	2
123562	2	1	2006-07-25 00:00:00	1		183	2397	31	0	515	"Ravensville"	31	"F"	0	0	0	54	83783.000000	"S"	4	16	"24"	2	4	5	26	6	38	32.643398	2
123647	2	1	2006-07-13 00:00:00	0		421	1421	37	11	150	"Kingsville"	37	"F"	0	0	0	54	83783.000000	"U"	4	38	"48"	2	3	2	1	6	38	11.450000	3
123649	2	1	2006-07-30 00:00:00	1		421	2787	15	0	206	"Queensbury"	15	"M"	0	0	0	54	83783.000000	"S"	4	5	"12"	2	0	3	2	6	38	9.839320	1
123658	2	1	2006-07-21 00:00:00	0		421	2064	38	7	3	"Queensbury"	38	"F"	0	0	0	54	83783.000000	"S"	4	37	"48"	2	0	4	1	6	38	9.035320	3
123691	2	1	2006-07-08 00:00:00	1		421	1030	21	0	299	"Foxton"	21	"M"	0	0	0	54	83783.000000	"S"	4	35	"48"	2	0	2	1	6	38	9.832330	2
123698	2	1	2006-07-22 00:00:00	1		183	2167	33	0	555	"Princeton"	33	"M"	0	0	0	54	83783.000000	"S"	4	15	"24"	2	0	5	24	6	38	31.279900	2
123778	2	1	2006-07-13 00:00:00	1		421	1418	34	7	27	"Princeton"	34	"M"	0	0	0	54	83783.000000	"U"	4	36	"48"	2	1	3	2	6	38	10.160300	3
123861	2	1	2006-07-25 00:00:00	0		421	2398	45	19	308	"Queensbury"	45	"F"	0	0	0	54	83783.000000	"M"	3	18	"24"	2	0	3	1	6	38	7.765670	2
123901	2	1	2006-07-20 00:00:00	1		183	2001	28	0	454	"Catburg"	28	"F"	0	0	0	54	83783.000000	"S"	4	13	"24"	2	1	0	25	6	38	31.636299	3
124039	2	1	2006-07-31 00:00:00	0		421	2855	36	7	219	"Kingsville"	36	"F"	0	0	0	54	83783.000000	"M"	4	39	"48"	2	0	3	1	6	38	7.685670	3
124042	2	1	2006-07-06 00:00:00	1		183	865	46	16	579	"Foxton"	46	"M"	0	0	0	54	83783.000000	"S"	4	7	"12"	2	1	2	23	6	38	30.145399	2
124066	2	1	2006-07-08 00:00:00	1		421	1032	31	6	154	"Ravensville"	31	"M"	0	0	0	54	83783.000000	"M"	4	6	"12"	2	1	5	3	6	38	12.653900	2
124069	2	1	2006-07-22 00:00:00	1		183	2159	48	15	1104	"Kingsville"	48	"M"	0	0	0	54	83783.000000	"U"	4	23	"36"	2	0	0	18	6	38	25.240801	3
124080	2	1	2006-07-05 00:00:00	1		183	759	59	31	415	"Kingsville"	59	"F"	0	0	0	54	83783.000000	"U"	3	18	"24"	2	0	0	12	6	38	18.614401	2
124084	2	1	2006-07-15 00:00:00	1		183	1604	48	15	417	"Foxton"	48	"F"	0	0	0	54	83783.000000	"U"	4	5	"12"	2	2	2	16	6	38	22.729700	2
124120	2	1	2006-07-06 00:00:00	1		183	867	36	8	470	"Princeton"	36	"M"	0	0	0	54	83783.000000	"U"	4	30	"36"	2	0	1	13	6	38	19.745199	3
124150	2	1	2006-07-22 00:00:00	0		183	2160	67	34	170	"Princeton"	67	"M"	0	0	0	54	83783.000000	"M"	3	7	"12"	2	1	1	1	6	38	7.783320	1
124198	1	1	2006-04-23 00:00:00	1	2006-04-23 00:00:00		147	40	10	169	"Catburg"	40	"M"	0	0	0	54	83783.000000	"S"	4	14	"24"	2	0	3	1	6	38	9.559000	3
124235	1	1	2006-04-27 00:00:00	1	2006-04-27 00:00:00		176	39	13	464	"Ravensville"	39	"M"	0	0	0	54	83783.000000	"U"	4	38	"48"	2	0	4	29	6	38	35.795898	2
124249	2	1	2006-07-16 00:00:00	1		183	1689	42	0	922	"Queensbury"	42	"F"	0	0	0	52	84062.000000	"S"	2	33	"36"	2	0	1	35	9	37	42.103001	2
124262	2	1	2006-07-23 00:00:00	0		421	2228	37	7	239	"Catburg"	37	"F"	0	0	0	65	84157.000000	"U"	7	5	"12"	0	0	3	2	6	27	10.285700	2
124348	2	1	2006-07-14 00:00:00	0		421	1533	51	20	166	"Princeton"	51	"F"	0	0	0	65	84157.000000	"M"	6	23	"24"	0	0	5	3	6	27	10.699300	2
124393	2	1	2006-07-11 00:00:00	0		421	1247	50	21	339	"Foxton"	50	"M"	0	0	0	65	84157.000000	"M"	6	27	"36"	0	1	2	1	6	27	9.139000	3
124403	1	1	2006-05-21 00:00:00	1	2006-05-21 00:00:00		381	47	22	278	"Foxton"	47	"M"	0	0	0	65	84157.000000	"S"	6	13	"24"	0	1	3	2	6	27	9.744670	1
124598	2	1	2006-07-14 00:00:00	0		421	1539	50	22	451	"Queensbury"	50	"M"	0	0	1	42	84215.000000	"S"	1	25	"36"	4	5	6	1	15	41	8.165670	1
124634	1	1	2006-05-28 00:00:00	1	2006-05-28 00:00:00		442	34	0	177	"Ravensville"	34	"M"	0	0	0	42	84215.000000	"S"	2	14	"24"	4	1	2	1	15	41	8.392330	3
124675	2	1	2006-07-24 00:00:00	0		183	2331	45	18	49	"Kingsville"	45	"F"	0	0	0	42	84215.000000	"S"	2	5	"12"	4	0	3	1	15	41	8.415670	2
124694	1	1	2006-05-06 00:00:00	1	2006-05-06 00:00:00		261	59	27	164	"Foxton"	59	"M"	0	0	0	42	84215.000000	"U"	1	8	"12"	4	1	4	1	15	41	9.125670	1
124729	2	1	2006-07-08 00:00:00	1		183	1033	54	25	471	"Kingsville"	54	"M"	0	0	0	42	84215.000000	"S"	1	12	"24"	4	0	0	26	15	41	32.670700	2
124742	2	1	2006-07-19 00:00:00	1		421	1914	35	5	129	"Kingsville"	35	"M"	0	0	0	42	84215.000000	"U"	2	37	"48"	4	4	2	1	15	41	7.829000	2
124768	2	1	2006-07-28 00:00:00	0		421	2635	52	25	2	"Kingsville"	52	"F"	0	0	0	42	84151.000000	"U"	1	0	"12"	4	2	0	1	21	36	7.201990	3
124818	2	1	2006-07-14 00:00:00	1		421	1527	35	3	94	"Ravensville"	35	"F"	0	0	0	42	84151.000000	"S"	2	17	"24"	4	0	3	1	21	36	10.022300	1
124917	2	1	2006-07-29 00:00:00	1		183	2694	35	5	229	"Kingsville"	35	"M"	0	0	0	42	84151.000000	"S"	2	15	"24"	4	0	2	17	21	36	23.759701	1
124995	2	1	2006-07-09 00:00:00	1		183	1085	22	0	476	"Kingsville"	22	"M"	0	0	0	34	84191.000000	"S"	5	28	"36"	6	4	6	14	13	51	20.675301	2
125068	2	1	2006-07-27 00:00:00	1		421	2545	41	12	260	"Kingsville"	41	"F"	0	0	0	34	84191.000000	"U"	5	32	"36"	6	2	3	2	13	51	8.893310	1
125162	2	1	2006-07-24 00:00:00	1		421	2320	34	5	134	"Kingsville"	34	"M"	0	0	0	65	84425.000000	"S"	2	12	"24"	0	0	3	2	12	22	8.733990	2
125179	2	1	2006-07-04 00:00:00	0		421	698	66	38	66	"Foxton"	66	"F"	0	0	0	65	84425.000000	"S"	1	16	"24"	0	1	2	1	12	22	9.930670	2
125188	2	1	2006-07-13 00:00:00	0		421	1413	37	7	94	"Catburg"	37	"F"	0	0	0	65	84425.000000	"M"	2	30	"36"	0	0	5	2	12	22	8.488990	1
125334	2	1	2006-07-12 00:00:00	0		183	1336	47	18	93	"Princeton"	47	"F"	0	0	0	65	84425.000000	"S"	2	26	"36"	0	0	3	1	12	22	10.689000	2
125416	2	1	2006-07-05 00:00:00	0		421	758	39	8	170	"Catburg"	39	"F"	0	0	0	44	84372.000000	"M"	7	12	"24"	4	1	3	2	12	42	13.219700	1
125510	2	1	2006-07-30 00:00:00	1		421	2788	39	7	67	"Catburg"	39	"M"	0	0	0	44	84372.000000	"S"	7	19	"24"	4	0	1	1	12	42	9.359000	2
125513	2	1	2006-07-20 00:00:00	1		421	1994	29	0	142	"Foxton"	29	"M"	0	0	0	44	84372.000000	"S"	7	26	"36"	4	1	5	3	12	42	11.895600	1
125515	2	1	2006-07-15 00:00:00	1		183	1601	31	4	182	"Ravensville"	31	"M"	0	0	0	44	84372.000000	"M"	7	39	"48"	4	0	5	10	12	42	17.909300	2
125541	2	1	2006-07-20 00:00:00	1		421	1995	41	13	87	"Queensbury"	41	"F"	0	0	0	44	84372.000000	"U"	7	5	"12"	4	3	2	2	12	42	9.478990	3
125557	1	1	2006-04-27 00:00:00	1	2006-04-27 00:00:00		177	46	22	177	"Kingsville"	46	"M"	0	0	0	44	84372.000000	"S"	6	8	"12"	4	1	2	1	12	42	9.425670	3
125629	2	1	2006-07-22 00:00:00	1		183	2185	38	10	305	"Foxton"	38	"F"	0	0	0	44	84372.000000	"S"	7	14	"24"	4	0	1	25	12	42	32.237598	3
125672	1	1	2006-05-13 00:00:00	1	2006-05-13 00:00:00		315	36	8	172	"Ravensville"	36	"M"	0	0	0	54	84477.000000	"S"	4	20	"24"	2	0	2	1	15	29	8.892330	3
125756	2	1	2006-07-30 00:00:00	1		183	2798	39	10	489	"Kingsville"	39	"F"	0	0	0	68	84913.000000	"U"	6	39	"48"	0	0	5	27	9	22	33.928200	2
125837	1	1	2006-04-30 00:00:00	1	2006-04-30 00:00:00		198	41	12	256	"Kingsville"	41	"M"	0	0	0	68	84913.000000	"M"	6	38	"48"	0	3	5	3	9	22	11.414600	3
125854	1	1	2006-04-12 00:00:00	1	2006-04-12 00:00:00		71	49	20	171	"Queensbury"	49	"M"	0	0	0	68	84913.000000	"S"	5	23	"24"	0	0	3	1	9	22	9.925670	1
125902	1	1	2006-05-26 00:00:00	1	2006-05-26 00:00:00		419	39	7	159	"Queensbury"	39	"F"	0	0	0	68	84913.000000	"M"	6	36	"48"	0	2	3	1	9	22	8.459000	2
125946	2	1	2006-07-08 00:00:00	1		183	1029	49	0	1099	"Ravensville"	49	"F"	0	0	0	68	84913.000000	"S"	6	28	"36"	0	0	2	45	9	22	52.147701	1
126017	2	1	2006-07-21 00:00:00	0		421	2057	38	9	49	"Kingsville"	38	"M"	0	0	0	68	84913.000000	"M"	6	16	"24"	0	1	2	1	9	22	12.282300	1
126019	2	1	2006-07-06 00:00:00	0		183	866	34	3	317	"Queensbury"	34	"M"	0	0	0	68	84913.000000	"M"	6	15	"24"	0	1	4	2	9	22	11.599000	3
126048	2	1	2006-07-15 00:00:00	1		183	1602	60	29	2424	"Kingsville"	60	"M"	0	0	1	48	85034.000000	"M"	3	32	"36"	3	1	1	15	8	43	24.197001	3
126070	2	1	2006-07-16 00:00:00	1		421	1687	28	0	94	"Princeton"	28	"M"	0	0	0	64	85339.000000	"S"	6	27	"36"	1	0	3	2	13	22	10.717300	1
126098	2	1	2006-07-30 00:00:00	1		183	2799	69	38	469	"Foxton"	69	"F"	0	0	0	38	85313.000000	"M"	4	22	"24"	5	0	5	15	13	47	21.984200	3
126139	2	1	2006-07-18 00:00:00	1		183	1843	29	0	792	"Queensbury"	29	"F"	0	0	0	70	85349.000000	"S"	4	30	"36"	0	0	2	8	4	24	15.286800	3
126181	2	1	2006-07-30 00:00:00	1		183	2801	32	2	473	"Princeton"	32	"M"	0	0	0	55	85304.000000	"M"	4	17	"24"	2	0	0	13	13	30	19.620501	3
126185	2	1	2006-07-03 00:00:00	1		183	613	34	0	1203	"Catburg"	34	"M"	0	0	0	55	85304.000000	"S"	4	14	"24"	2	0	1	29	13	30	36.278599	3
126218	2	1	2006-07-11 00:00:00	1		183	1246	44	15	481	"Catburg"	44	"F"	0	0	0	50	85328.000000	"S"	4	17	"24"	3	0	2	27	14	35	34.184399	3
126244	2	1	2006-07-15 00:00:00	1		183	1605	18	0	302	"Catburg"	18	"F"	0	0	0	42	85481.000000	"S"	4	29	"36"	4	2	4	19	14	42	25.625601	1
126265	2	1	2006-07-01 00:00:00	0		421	479	48	17	272	"Ravensville"	48	"F"	0	0	0	42	85481.000000	"U"	4	10	"12"	4	0	5	3	14	42	11.261000	1
126300	2	1	2006-07-10 00:00:00	1		421	1180	28	0	199	"Kingsville"	28	"M"	0	0	0	42	85481.000000	"S"	4	11	"24"	4	2	2	1	14	42	13.245700	2
126320	2	1	2006-07-13 00:00:00	1		183	1422	29	0	488	"Princeton"	29	"M"	0	0	0	42	85481.000000	"S"	4	17	"24"	4	1	0	25	14	42	31.709900	1
126350	2	1	2006-07-29 00:00:00	1		183	2693	39	10	699	"Queensbury"	39	"M"	0	0	0	42	85481.000000	"M"	4	23	"36"	4	1	5	12	14	42	19.225599	3
126413	2	1	2006-07-27 00:00:00	1		421	2546	32	0	489	"Princeton"	32	"F"	0	0	0	42	85481.000000	"S"	4	26	"36"	4	0	2	2	14	42	9.210660	2
126421	1	1	2006-05-07 00:00:00	1	2006-05-07 00:00:00		267	31	0	258	"Kingsville"	31	"M"	0	0	0	42	85481.000000	"S"	4	18	"24"	4	3	3	2	14	42	10.171300	3
126539	2	1	2006-07-27 00:00:00	0		421	2547	61	33	136	"Foxton"	61	"F"	0	0	0	62	85503.000000	"U"	3	20	"24"	1	2	1	1	12	24	9.195670	1
126634	2	1	2006-07-17 00:00:00	0		421	1756	51	23	362	"Queensbury"	51	"F"	0	0	0	40	85483.000000	"M"	5	40	"48"	5	4	3	1	13	46	12.029000	2
126645	2	1	2006-07-21 00:00:00	1		421	2063	34	8	158	"Queensbury"	34	"M"	0	0	0	40	85483.000000	"M"	6	28	"36"	5	0	2	1	13	46	9.115670	1
126650	2	1	2006-07-30 00:00:00	1		183	2803	62	31	746	"Catburg"	62	"F"	0	0	0	40	85483.000000	"U"	5	31	"36"	5	2	0	27	13	46	34.111099	3
126659	2	1	2006-07-14 00:00:00	0		183	1535	57	32	161	"Queensbury"	57	"M"	0	0	0	40	85483.000000	"S"	5	22	"24"	5	0	4	2	13	46	11.682300	3
126758	2	1	2006-07-18 00:00:00	0		421	1844	53	22	252	"Princeton"	53	"F"	0	0	0	40	85483.000000	"M"	5	21	"24"	5	1	4	3	13	46	10.752000	1
126814	2	1	2006-07-09 00:00:00	1		183	1083	53	26	464	"Catburg"	53	"F"	0	0	0	40	85483.000000	"M"	5	18	"24"	5	1	2	25	13	46	31.616899	1
126826	2	1	2006-07-26 00:00:00	1		421	2493	40	10	262	"Ravensville"	40	"M"	0	0	0	51	85526.000000	"U"	6	19	"24"	3	3	4	3	13	35	12.477300	1
126848	1	1	2006-05-11 00:00:00	1	2006-05-11 00:00:00		301	47	20	171	"Catburg"	47	"F"	0	0	0	51	85526.000000	"M"	5	19	"24"	3	3	2	1	13	35	8.959000	2
126878	2	1	2006-07-15 00:00:00	0		183	1600	44	12	135	"Princeton"	44	"M"	0	0	0	51	85526.000000	"M"	6	14	"24"	3	3	6	3	13	35	11.056300	1
126885	2	1	2006-07-18 00:00:00	1		183	1837	40	8	606	"Queensbury"	40	"M"	0	0	0	51	85526.000000	"U"	6	33	"36"	3	0	4	13	13	35	19.878700	1
126966	1	1	2006-04-12 00:00:00	1	2006-04-12 00:00:00		69	40	8	731	"Catburg"	40	"M"	0	0	0	51	85526.000000	"M"	6	14	"24"	3	0	1	21	13	35	28.049200	1
126977	2	1	2006-07-21 00:00:00	0		183	2056	50	19	52	"Kingsville"	50	"M"	0	0	0	51	85526.000000	"S"	5	10	"12"	3	0	2	2	13	35	10.583300	3
127039	2	1	2006-07-05 00:00:00	1		183	756	39	11	608	"Princeton"	39	"M"	0	0	0	45	85832.000000	"M"	3	21	"24"	4	4	4	11	16	38	18.028700	3
127104	2	1	2006-07-23 00:00:00	1		421	2231	43	15	29	"Kingsville"	43	"M"	0	0	0	45	85832.000000	"S"	3	38	"48"	4	0	3	3	16	38	9.825970	2
127144	2	1	2006-07-12 00:00:00	1		183	1337	43	14	382	"Queensbury"	43	"M"	0	0	1	45	85832.000000	"U"	3	32	"36"	4	4	3	17	16	38	23.633400	3
127150	1	1	2006-04-24 00:00:00	1	2006-04-24 00:00:00		148	36	3	167	"Queensbury"	36	"F"	0	0	0	45	85832.000000	"M"	3	11	"24"	4	0	2	1	16	38	9.525670	3
127195	2	1	2006-07-24 00:00:00	1		183	2322	15	0	701	"Foxton"	15	"F"	0	0	0	45	85832.000000	"S"	3	30	"36"	4	2	4	17	16	38	24.697500	2
127196	2	1	2006-07-27 00:00:00	1		421	2554	19	0	249	"Kingsville"	19	"F"	0	0	0	45	85832.000000	"S"	3	12	"24"	4	1	2	1	16	38	9.349000	2
127198	2	1	2006-07-09 00:00:00	1		421	1082	38	10	26	"Princeton"	38	"F"	0	0	0	45	85832.000000	"U"	3	14	"24"	4	0	0	3	16	38	13.025000	3
127205	2	1	2006-07-15 00:00:00	1		183	1599	50	20	594	"Kingsville"	50	"F"	0	0	0	45	85832.000000	"S"	2	30	"36"	4	0	1	16	16	38	22.893900	2
127213	1	1	2006-04-11 00:00:00	1	2006-04-11 00:00:00		66	50	19	247	"Catburg"	50	"F"	0	0	0	45	85832.000000	"U"	2	34	"36"	4	1	4	2	16	38	11.018000	1
127218	2	1	2006-07-24 00:00:00	0		421	2325	78	46	221	"Catburg"	78	"F"	0	0	0	45	85832.000000	"M"	2	37	"48"	4	2	4	2	16	38	10.626300	1
127219	2	1	2006-07-18 00:00:00	1		183	1842	61	32	551	"Ravensville"	61	"M"	0	0	0	45	85832.000000	"U"	2	38	"48"	4	1	6	9	16	38	16.517099	1
127225	2	1	2006-07-12 00:00:00	1		183	1334	17	0	765	"Kingsville"	17	"F"	0	0	0	45	85832.000000	"S"	3	29	"36"	4	2	5	30	16	38	37.197601	1
127228	2	1	2006-07-23 00:00:00	1		421	2227	25	0	144	"Kingsville"	25	"M"	0	0	0	45	85832.000000	"S"	3	27	"36"	4	3	4	3	16	38	9.710650	2
127235	1	1	2006-04-18 00:00:00	1	2006-04-18 00:00:00		104	19	0	174	"Ravensville"	19	"F"	0	0	0	45	85832.000000	"S"	3	31	"36"	4	0	2	1	16	38	9.725670	1
127252	2	1	2006-07-22 00:00:00	0		421	2168	49	24	128	"Catburg"	49	"F"	0	0	0	45	85832.000000	"U"	2	29	"36"	4	3	2	1	16	38	9.252330	2
127272	2	1	2006-07-07 00:00:00	1		183	937	35	6	755	"Princeton"	35	"F"	0	0	0	45	85832.000000	"S"	3	23	"36"	4	0	2	18	16	38	25.492500	3
127305	1	1	2006-04-29 00:00:00	1	2006-04-29 00:00:00		195	37	3	159	"Kingsville"	37	"M"	0	0	0	45	85832.000000	"M"	3	19	"24"	4	3	1	1	16	38	9.359000	1
127355	1	1	2006-05-14 00:00:00	1	2006-05-14 00:00:00		318	36	6	338	"Princeton"	36	"F"	0	0	0	68	85824.000000	"S"	3	37	"48"	0	0	2	2	4	27	10.038000	1
127488	2	1	2006-07-30 00:00:00	1		183	2796	55	28	361	"Foxton"	55	"M"	0	0	0	68	85824.000000	"M"	2	34	"36"	0	3	1	9	4	27	15.758300	1
127551	1	1	2006-04-20 00:00:00	1	2006-04-20 00:00:00		122	52	24	175	"Kingsville"	52	"F"	0	0	0	68	85824.000000	"M"	2	6	"12"	0	3	4	1	4	27	9.659000	1
127574	2	1	2006-07-06 00:00:00	1		421	863	17	0	207	"Foxton"	17	"M"	0	0	0	68	85824.000000	"S"	3	5	"12"	0	0	2	1	4	27	7.855670	2
127630	2	1	2006-07-21 00:00:00	1		421	2053	20	0	109	"Princeton"	20	"M"	0	0	0	68	85824.000000	"S"	3	20	"24"	0	0	1	1	4	27	7.775670	2
127643	1	1	2006-04-20 00:00:00	1	2006-04-20 00:00:00		120	32	7	289	"Kingsville"	32	"F"	0	0	0	62	86004.000000	"M"	3	30	"36"	1	2	4	3	7	29	11.033700	1
127683	2	1	2006-07-17 00:00:00	1		421	1755	37	8	95	"Catburg"	37	"M"	0	0	0	47	86420.000000	"U"	6	17	"24"	3	2	5	3	13	39	10.452600	2
127712	2	1	2006-07-17 00:00:00	1		421	1751	19	0	215	"Ravensville"	19	"M"	0	0	0	47	86420.000000	"S"	6	13	"24"	3	0	4	3	13	39	11.248300	1
127725	2	1	2006-07-20 00:00:00	1		183	1988	41	18	567	"Kingsville"	41	"M"	0	0	0	47	86420.000000	"U"	6	12	"24"	3	1	6	22	13	39	28.866800	3
127728	1	1	2006-05-04 00:00:00	1	2006-05-04 00:00:00		243	43	12	187	"Princeton"	43	"M"	0	0	0	47	86420.000000	"U"	6	30	"36"	3	0	3	2	13	39	10.204800	1
127765	2	1	2006-07-02 00:00:00	1		183	550	20	0	492	"Princeton"	20	"F"	0	0	0	47	86420.000000	"S"	6	6	"12"	3	1	3	24	13	39	31.180099	2
127848	2	1	2006-07-13 00:00:00	1		421	1417	35	3	84	"Foxton"	35	"M"	0	0	0	67	86499.000000	"S"	7	19	"24"	0	3	5	3	10	22	10.241600	3
127849	2	1	2006-07-30 00:00:00	1		421	2794	29	0	280	"Catburg"	29	"M"	0	0	0	67	86499.000000	"S"	7	37	"48"	0	1	4	3	10	22	10.559000	2
127859	2	1	2006-07-14 00:00:00	0		183	1519	44	19	75	"Queensbury"	44	"F"	0	0	0	67	86499.000000	"S"	6	21	"24"	0	0	4	3	10	22	10.236600	2
127929	2	1	2006-07-07 00:00:00	0		183	941	43	13	269	"Kingsville"	43	"F"	0	0	0	67	86499.000000	"M"	7	32	"36"	0	2	3	1	10	22	13.349000	1
127930	2	1	2006-07-19 00:00:00	1		183	1911	59	26	39	"Catburg"	59	"F"	0	0	0	67	86499.000000	"S"	6	6	"12"	0	0	3	8	10	22	14.334400	1
127939	2	1	2006-07-10 00:00:00	1		421	1176	17	0	250	"Kingsville"	17	"M"	0	0	0	67	86499.000000	"S"	7	14	"24"	0	3	5	3	10	22	9.737990	1
127960	2	1	2006-07-12 00:00:00	1		421	1332	32	4	164	"Ravensville"	32	"M"	0	0	0	67	86499.000000	"U"	7	6	"12"	0	0	4	3	10	22	10.990300	1
128026	2	1	2006-07-26 00:00:00	1		421	2494	30	1	114	"Princeton"	30	"M"	0	0	0	67	86499.000000	"M"	7	31	"36"	0	0	2	2	10	22	9.565620	1
128043	2	1	2006-07-02 00:00:00	1		183	547	39	9	927	"Foxton"	39	"F"	0	0	0	67	86499.000000	"U"	7	34	"36"	0	0	0	14	10	22	21.293501	1
128090	2	1	2006-07-10 00:00:00	1		421	1171	29	0	305	"Queensbury"	29	"M"	0	0	0	66	86498.000000	"S"	7	15	"24"	0	2	4	1	11	22	9.265670	2
128093	2	1	2006-07-27 00:00:00	1		183	2557	35	0	457	"Queensbury"	35	"M"	0	0	1	66	86498.000000	"S"	7	6	"12"	0	0	4	21	11	22	28.248600	2
128146	1	1	2006-05-11 00:00:00	1	2006-05-11 00:00:00		300	23	0	354	"Foxton"	23	"F"	0	0	0	66	86498.000000	"S"	7	24	"36"	0	2	5	3	11	22	11.143000	1
128160	2	1	2006-07-04 00:00:00	1		183	689	41	0	1058	"Catburg"	41	"F"	0	0	0	66	86498.000000	"S"	7	33	"36"	0	0	4	15	11	22	22.393101	1
128169	2	1	2006-07-26 00:00:00	1		421	2487	34	4	120	"Ravensville"	34	"M"	0	0	0	66	86498.000000	"U"	7	7	"12"	0	0	3	1	11	22	9.719990	3
128177	2	1	2006-07-27 00:00:00	1		183	2556	39	14	213	"Kingsville"	39	"M"	0	0	0	66	86498.000000	"M"	7	7	"12"	0	1	0	20	11	22	26.945601	1
128181	2	1	2006-07-03 00:00:00	1		183	614	33	2	458	"Kingsville"	33	"M"	0	0	0	66	86498.000000	"S"	7	28	"36"	0	1	3	10	11	22	17.090700	1
128198	2	1	2006-07-25 00:00:00	1		183	2403	24	0	334	"Queensbury"	24	"F"	0	0	0	66	86498.000000	"S"	7	21	"24"	0	1	3	12	11	22	19.358999	3
128200	2	1	2006-07-05 00:00:00	0		183	767	37	3	148	"Ravensville"	37	"F"	0	0	0	66	86498.000000	"S"	7	39	"48"	0	2	5	2	11	22	12.538000	2
128202	2	1	2006-07-03 00:00:00	1		421	609	26	0	329	"Ravensville"	26	"F"	0	0	0	66	86498.000000	"S"	7	26	"36"	0	0	2	1	11	22	8.529000	1
128256	2	1	2006-07-10 00:00:00	1		183	1170	44	12	559	"Ravensville"	44	"F"	0	0	0	66	86498.000000	"U"	7	9	"12"	0	2	1	22	11	22	28.841801	1
128341	2	1	2006-07-26 00:00:00	1		421	2486	16	0	311	"Queensbury"	16	"F"	0	0	0	49	86857.000000	"S"	3	10	"12"	3	3	6	3	14	35	10.540300	3
128445	1	1	2006-05-22 00:00:00	1	2006-05-22 00:00:00		385	25	0	438	"Kingsville"	25	"F"	0	0	0	49	86857.000000	"S"	3	33	"36"	3	2	0	21	14	35	28.245600	3
128507	1	1	2006-05-02 00:00:00	1	2006-05-02 00:00:00		223	30	3	442	"Foxton"	30	"F"	0	0	0	49	86857.000000	"U"	3	34	"36"	3	3	4	17	14	35	23.657000	1
128589	1	1	2006-04-01 00:00:00	1	2006-04-01 00:00:00		9	44	11	163	"Ravensville"	44	"F"	0	0	0	49	86857.000000	"S"	3	36	"48"	3	0	4	1	14	35	10.292300	2
128636	2	1	2006-07-07 00:00:00	0		421	942	45	18	43	"Queensbury"	45	"M"	0	0	0	53	87110.000000	"U"	2	19	"24"	2	1	2	1	14	31	10.506600	1
128687	2	1	2006-07-08 00:00:00	0		421	1023	37	1	74	"Kingsville"	37	"M"	0	0	0	53	87110.000000	"M"	2	37	"48"	2	3	3	2	14	31	9.271490	2
128760	2	1	2006-07-23 00:00:00	0		421	2225	46	18	297	"Ravensville"	46	"M"	0	0	0	53	87110.000000	"U"	2	33	"36"	2	2	4	3	14	31	10.027200	2
128813	2	1	2006-07-07 00:00:00	1		183	939	23	0	522	"Kingsville"	23	"M"	0	0	0	53	87110.000000	"S"	2	18	"24"	2	2	6	8	14	31	14.644700	2
128818	2	1	2006-07-19 00:00:00	1		421	1916	22	0	335	"Princeton"	22	"M"	0	0	0	53	87110.000000	"S"	2	14	"24"	2	1	4	1	14	31	12.432300	3
129031	2	1	2006-07-07 00:00:00	0		183	947	37	9	142	"Ravensville"	37	"F"	0	0	0	53	87110.000000	"U"	2	39	"48"	2	0	2	2	14	31	8.397660	3
129077	2	1	2006-07-06 00:00:00	1		421	861	34	5	42	"Kingsville"	34	"M"	0	0	0	53	87110.000000	"M"	2	6	"12"	2	0	3	1	14	31	9.039950	1
129081	2	1	2006-07-28 00:00:00	1		183	2625	29	0	887	"Foxton"	29	"M"	0	0	0	53	87110.000000	"S"	2	23	"36"	2	0	2	22	14	31	29.291300	3
129132	2	1	2006-07-24 00:00:00	0		183	2328	54	24	122	"Queensbury"	54	"M"	0	0	0	53	87110.000000	"U"	1	38	"48"	2	0	4	2	14	31	10.419000	3
129156	2	1	2006-07-02 00:00:00	0		421	548	53	23	280	"Foxton"	53	"F"	0	0	0	53	87110.000000	"S"	1	5	"12"	2	3	5	2	14	31	10.635700	1
129262	2	1	2006-07-05 00:00:00	1		183	763	32	4	446	"Ravensville"	32	"M"	0	0	0	53	87110.000000	"S"	2	7	"12"	2	0	2	26	14	31	32.890800	2
129283	2	1	2006-07-27 00:00:00	1		421	2558	20	0	148	"Princeton"	20	"M"	0	0	0	53	87110.000000	"S"	2	39	"48"	2	3	5	3	14	31	12.414600	2
129294	2	1	2006-07-30 00:00:00	1		183	2790	28	0	634	"Foxton"	28	"M"	0	0	0	53	87110.000000	"S"	2	33	"36"	2	1	6	24	14	31	30.903299	3
129316	2	1	2006-07-14 00:00:00	0		421	1542	53	25	227	"Ravensville"	53	"F"	0	0	0	53	87110.000000	"M"	1	20	"24"	2	1	2	1	14	31	13.165700	2
129328	2	1	2006-07-09 00:00:00	0		183	1091	62	31	89	"Princeton"	62	"F"	0	0	0	53	87110.000000	"U"	1	41	"48"	2	1	4	1	14	31	8.989000	3
129361	2	1	2006-07-24 00:00:00	1		421	2327	41	13	52	"Queensbury"	41	"M"	0	0	0	53	87110.000000	"S"	2	24	"36"	2	0	3	1	14	31	11.849000	2
129371	2	1	2006-07-16 00:00:00	1		421	1691	29	0	342	"Ravensville"	29	"M"	0	0	0	53	87110.000000	"S"	2	40	"48"	2	1	4	2	14	31	12.383200	2
129389	2	1	2006-07-14 00:00:00	0		183	1523	34	6	23	"Catburg"	34	"F"	0	0	0	53	87110.000000	"S"	2	39	"48"	2	0	3	1	14	31	9.386660	3
129403	2	1	2006-07-28 00:00:00	1		183	2636	44	16	737	"Catburg"	44	"F"	0	0	0	53	87110.000000	"S"	2	6	"12"	2	0	6	20	14	31	27.315300	2
129420	2	1	2006-07-28 00:00:00	1		183	2637	24	0	686	"Catburg"	24	"F"	0	0	0	53	87110.000000	"S"	2	7	"12"	2	4	1	18	14	31	25.372999	1
129427	2	1	2006-07-08 00:00:00	1		421	1024	29	0	57	"Ravensville"	29	"M"	0	0	0	53	87110.000000	"S"	2	27	"36"	2	0	3	2	14	31	10.685300	2
129441	2	1	2006-07-25 00:00:00	1		183	2399	52	28	349	"Queensbury"	52	"F"	0	0	0	53	87110.000000	"U"	1	9	"12"	2	1	5	19	14	31	25.822300	2
129445	2	1	2006-07-17 00:00:00	0		183	1760	45	15	369	"Kingsville"	45	"F"	0	0	0	53	87110.000000	"M"	2	16	"24"	2	1	4	3	14	31	10.135000	2
129563	2	1	2006-07-28 00:00:00	0		421	2627	52	23	95	"Foxton"	52	"M"	0	0	0	53	87110.000000	"S"	1	11	"12"	2	0	1	1	14	31	7.594000	2
129624	1	1	2006-04-19 00:00:00	1	2006-04-19 00:00:00		114	51	20	480	"Ravensville"	51	"M"	0	0	0	53	87110.000000	"M"	1	28	"36"	2	0	5	26	14	31	33.498600	1
129842	2	1	2006-07-06 00:00:00	1		183	859	50	16	467	"Ravensville"	50	"F"	0	0	0	53	87110.000000	"S"	2	29	"36"	2	1	3	24	14	31	30.620001	2
129889	2	1	2006-07-02 00:00:00	1		183	558	49	19	808	"Ravensville"	49	"F"	0	0	0	57	87748.000000	"S"	3	31	"36"	2	0	3	18	7	34	24.941200	2
129929	2	1	2006-07-25 00:00:00	1		183	2400	47	15	459	"Kingsville"	47	"F"	0	0	0	57	87748.000000	"M"	4	12	"24"	2	1	2	25	7	34	31.632299	3
129935	2	1	2006-07-29 00:00:00	0		421	2688	44	16	99	"Queensbury"	44	"M"	0	0	0	57	87748.000000	"M"	4	23	"36"	2	2	3	1	7	34	8.165670	1
129960	2	1	2006-07-16 00:00:00	1		421	1690	17	0	200	"Queensbury"	17	"F"	0	0	0	57	87748.000000	"S"	4	17	"24"	2	0	2	2	7	34	10.094000	3
130084	2	1	2006-07-10 00:00:00	1		421	1183	31	3	118	"Ravensville"	31	"M"	0	0	0	57	87748.000000	"S"	4	34	"36"	2	2	3	2	7	34	9.484670	2
130095	2	1	2006-07-07 00:00:00	0		183	935	33	7	135	"Princeton"	33	"F"	0	0	0	57	87748.000000	"U"	4	41	"48"	2	2	2	1	7	34	10.552300	3
130107	2	1	2006-07-30 00:00:00	0		183	2789	53	24	263	"Ravensville"	53	"M"	0	0	0	57	87748.000000	"U"	3	9	"12"	2	2	2	1	7	34	12.839000	2
130130	2	1	2006-07-30 00:00:00	1		421	2782	24	0	203	"Kingsville"	24	"F"	0	0	0	57	87748.000000	"S"	4	32	"36"	2	0	3	2	7	34	10.514300	1
130149	2	1	2006-07-20 00:00:00	0		421	1991	52	21	159	"Foxton"	52	"F"	0	0	0	57	87748.000000	"S"	3	33	"36"	2	1	3	2	7	34	8.671330	3
130165	1	1	2006-05-23 00:00:00	1	2006-05-23 00:00:00		395	41	11	179	"Catburg"	41	"M"	0	0	0	57	87748.000000	"M"	4	33	"36"	2	2	2	1	7	34	8.559000	1
130166	2	1	2006-07-22 00:00:00	1		183	2170	47	13	1148	"Kingsville"	47	"M"	0	0	0	57	87748.000000	"M"	4	37	"48"	2	1	6	14	7	34	21.530701	1
130320	2	1	2006-07-09 00:00:00	0		421	1086	33	0	291	"Kingsville"	33	"F"	0	0	0	57	87748.000000	"S"	4	19	"24"	2	3	1	1	7	34	11.235700	1
130388	2	1	2006-07-31 00:00:00	0		183	2852	37	9	204	"Ravensville"	37	"F"	0	0	0	52	88016.000000	"M"	5	11	"24"	3	3	2	1	14	33	7.366660	2
130408	2	1	2006-07-11 00:00:00	0		183	1253	49	20	343	"Catburg"	49	"F"	0	0	0	52	88016.000000	"M"	4	39	"48"	3	0	2	1	14	33	12.939000	1
130505	2	1	2006-07-20 00:00:00	1		183	2007	30	0	508	"Kingsville"	30	"M"	0	0	0	52	88016.000000	"S"	5	31	"36"	3	0	2	9	14	33	15.811600	3
130603	2	1	2006-07-19 00:00:00	0		421	1917	27	0	84	"Princeton"	27	"F"	0	0	0	52	88016.000000	"S"	5	36	"48"	3	1	4	2	14	33	8.511330	2
130619	2	1	2006-07-28 00:00:00	0		421	2626	53	19	129	"Princeton"	53	"F"	0	0	0	52	88016.000000	"S"	4	41	"48"	3	3	4	1	14	33	11.595700	2
130712	2	1	2006-07-17 00:00:00	1		421	1752	39	6	405	"Princeton"	39	"M"	0	0	0	52	88016.000000	"U"	5	9	"12"	3	0	4	2	14	33	11.944700	2
130723	2	1	2006-07-25 00:00:00	0		183	2402	40	7	199	"Queensbury"	40	"F"	0	0	0	52	88016.000000	"S"	5	39	"48"	3	2	2	1	14	33	9.565670	1
130727	2	1	2006-07-15 00:00:00	0		421	1596	48	18	89	"Queensbury"	48	"F"	0	0	0	52	88016.000000	"S"	5	20	"24"	3	0	2	2	14	33	8.322320	2
130795	2	1	2006-07-21 00:00:00	1		421	2059	31		1187	"Princeton"	31	"M"	0	0	0	52	88016.000000	"S"	4	35	"48"	3	2	3	1	14	33	11.799000	1
130801	2	1	2006-07-17 00:00:00	1		183	1765	43	12	360	"Kingsville"	43	"M"	0	0	0	52	88016.000000	"U"	5	11	"12"	3	7	0	22	14	33	28.826401	2
130849	2	1	2006-07-29 00:00:00	0		183	2699	50	21	16	"Kingsville"	50	"M"	0	0	0	52	88016.000000	"S"	4	24	"36"	3	1	1	1	14	33	7.181660	3
130865	1	1	2006-04-17 00:00:00	1	2006-04-17 00:00:00		101	32	5	203	"Ravensville"	32	"F"	0	0	0	52	88016.000000	"M"	5	39	"48"	3	1	3	2	14	33	10.799000	2
130894	2	1	2006-07-13 00:00:00	1		183	1425	66	35	605	"Princeton"	66	"F"	0	0	0	52	88016.000000	"M"	4	13	"24"	3	1	1	15	14	33	22.503700	2
131116	2	1	2006-07-05 00:00:00	1		183	750	25	0	641	"Foxton"	25	"F"	0	0	0	52	88016.000000	"S"	5	41	"48"	3	0	0	29	14	33	36.743401	2
131120	2	1	2006-07-20 00:00:00	1		183	1975	38	10	490	"Queensbury"	38	"M"	0	0	0	52	88016.000000	"U"	5	11	"12"	3	0	1	26	14	33	32.889301	1
131169	2	1	2006-07-13 00:00:00	0		421	1411	40	11	254	"Ravensville"	40	"F"	0	0	0	52	88016.000000	"M"	5	34	"36"	3	0	1	1	14	33	8.972330	2
131293	2	1	2006-07-28 00:00:00	0		421	2632	65	34	60	"Queensbury"	65	"M"	0	0	0	52	88016.000000	"S"	4	26	"36"	3	3	1	1	14	33	10.326700	2
131325	2	1	2006-07-29 00:00:00	0		183	2701	48	17	360	"Ravensville"	48	"M"	0	0	0	52	88016.000000	"U"	5	14	"24"	3	0	3	1	14	33	10.749000	1
131340	2	1	2006-07-13 00:00:00	1		421	1429	44	13	261	"Ravensville"	44	"M"	0	0	0	52	88016.000000	"U"	5	32	"36"	3	0	2	1	14	33	11.839000	3
131459	2	1	2006-07-27 00:00:00	1		421	2553	38	7	50	"Foxton"	38	"M"	0	0	0	52	88016.000000	"M"	5	8	"12"	3	1	4	2	14	33	9.344980	1
131495	2	1	2006-07-11 00:00:00	0		183	1257	39	11	222	"Princeton"	39	"F"	0	0	0	52	88016.000000	"S"	5	13	"24"	3	0	3	2	14	33	10.352300	1
131537	2	1	2006-07-14 00:00:00	0		421	1509	67	35	179	"Catburg"	67	"M"	0	0	0	52	88016.000000	"M"	4	9	"12"	3	0	2	1	14	33	8.379000	2
131715	2	1	2006-07-15 00:00:00	1		421	1606	27	2	1249	"Princeton"	27	"F"	0	0	0	52	88016.000000	"M"	5	33	"36"	3	1	2	1	14	33	10.049000	3
131745	1	1	2006-05-23 00:00:00	1	2006-05-23 00:00:00		396	44	9	182	"Foxton"	44	"F"	0	0	0	52	88016.000000	"M"	5	39	"48"	3	0	3	1	14	33	8.559000	3
131917	2	1	2006-07-26 00:00:00	1		183	2484	37	6	604	"Princeton"	37	"F"	0	0	0	52	88016.000000	"M"	5	37	"48"	3	2	1	27	14	33	34.905399	3
132106	2	1	2006-07-21 00:00:00	0		183	2060	33	5	1539	"Ravensville"	33	"F"	0	0	0	52	88016.000000	"S"	5	37	"48"	3	0	2	1	14	33	10.399000	3
132123	2	1	2006-07-06 00:00:00	1		183	858	41	14	578	"Princeton"	41	"M"	0	0	0	52	88016.000000	"U"	5	31	"36"	3	2	5	25	14	33	32.110600	3
132127	2	1	2006-07-20 00:00:00	1		421	1989	35	7	119	"Foxton"	35	"M"	0	0	0	52	88016.000000	"S"	5	23	"36"	3	0	3	2	14	33	9.348320	3
132156	2	1	2006-07-17 00:00:00	1		183	1768	47	19	741	"Queensbury"	47	"M"	0	0	0	52	88016.000000	"U"	4	18	"24"	3	3	6	21	14	33	28.340300	2
132222	2	1	2006-07-04 00:00:00	0		421	703	53	38	3322	"Queensbury"	53	"M"	0	0	0	52	88016.000000	"U"	4	32	"36"	3	1	3	3	14	33	12.247000	2
132228	2	1	2006-07-19 00:00:00	0		421	1923	44	15	1240	"Ravensville"	44	"M"	0	0	0	52	88016.000000	"M"	5	20	"24"	3	0	4	2	14	33	12.348000	3
132240	2	1	2006-07-10 00:00:00	0		421	1168	39	10	246	"Princeton"	39	"F"	0	0	0	52	88016.000000	"S"	5	21	"24"	3	1	1	1	14	33	12.585700	2
132242	2	1	2006-07-24 00:00:00	1		421	2313	33	1	206	"Princeton"	33	"M"	0	0	0	52	88016.000000	"U"	5	22	"24"	3	0	3	3	14	33	11.933300	2
132308	1	1	2006-05-04 00:00:00	1	2006-05-04 00:00:00		246	25	0	175	"Catburg"	25	"F"	0	0	0	52	88016.000000	"S"	5	18	"24"	3	0	3	1	14	33	9.192330	1
132343	2	1	2006-07-02 00:00:00	0		183	535	54	29	120	"Ravensville"	54	"F"	0	0	0	52	88016.000000	"U"	4	22	"24"	3	2	4	1	14	33	8.019990	1
132351	2	1	2006-07-29 00:00:00	1		183	2702	32	2	586	"Princeton"	32	"F"	0	0	0	52	88016.000000	"S"	5	5	"12"	3	0	6	28	14	33	34.889400	3
132383	2	1	2006-07-13 00:00:00	1		421	1440	36	2	69	"Foxton"	36	"M"	0	0	0	52	88016.000000	"U"	5	25	"36"	3	1	3	1	14	33	11.669000	1
132433	1	1	2006-04-05 00:00:00	1	2006-04-05 00:00:00		27	19	0	384	"Princeton"	19	"M"	0	0	0	52	88016.000000	"S"	5	34	"36"	3	5	3	2	14	33	11.358000	3
132496	1	1	2006-05-21 00:00:00	1	2006-05-21 00:00:00		380	48	18	228	"Catburg"	48	"F"	0	0	0	52	88016.000000	"U"	5	41	"48"	3	0	3	2	14	33	9.685660	1
132515	2	1	2006-07-23 00:00:00	0		183	2234	46	15	133	"Ravensville"	46	"F"	0	0	0	52	88016.000000	"U"	5	26	"36"	3	0	2	1	14	33	11.719000	2
132562	2	1	2006-07-16 00:00:00	1		183	1676	51	23	820	"Catburg"	51	"F"	0	0	0	52	88016.000000	"M"	4	29	"36"	3	2	1	18	14	33	24.980301	1
132563	2	1	2006-07-13 00:00:00	0		183	1414	46	14	431	"Foxton"	46	"M"	0	0	0	52	88016.000000	"U"	5	41	"48"	3	0	5	1	14	33	10.132300	3
132575	2	1	2006-07-04 00:00:00	0		421	694	43	18	267	"Ravensville"	43	"F"	0	0	0	52	88016.000000	"U"	5	10	"12"	3	1	4	3	14	33	10.680300	2
132582	2	1	2006-07-11 00:00:00	1		421	1258	25	0	449	"Kingsville"	25	"F"	0	0	0	52	88016.000000	"S"	5	31	"36"	3	0	6	1	14	33	12.082300	3
132583	2	1	2006-07-04 00:00:00	0		183	695	44	16	179	"Princeton"	44	"M"	0	0	0	52	88016.000000	"M"	5	26	"36"	3	0	5	2	14	33	12.079000	2
132600	2	1	2006-07-14 00:00:00	0		421	1524	57	27	384	"Ravensville"	57	"F"	0	0	0	52	88016.000000	"M"	4	29	"36"	3	3	2	1	14	33	11.282300	3
132610	2	1	2006-07-04 00:00:00	1		183	688	27	4	401	"Catburg"	27	"F"	0	0	0	52	88016.000000	"M"	5	20	"24"	3	1	6	16	14	33	23.333700	3
132626	2	1	2006-07-17 00:00:00	0		421	1762	32	3	99	"Princeton"	32	"F"	0	0	0	52	88016.000000	"M"	5	21	"24"	3	1	2	1	14	33	11.322300	2
132677	1	1	2006-04-30 00:00:00	1	2006-04-30 00:00:00		197	37	12	748	"Ravensville"	37	"F"	0	0	0	52	88016.000000	"M"	5	32	"36"	3	1	6	6	14	33	13.952600	3
132831	2	1	2006-07-04 00:00:00	0		421	690	40	7	53	"Foxton"	40	"M"	0	0	0	52	88016.000000	"M"	5	40	"48"	3	3	2	1	14	33	7.249000	2
132864	2	1	2006-07-17 00:00:00	1		421	1763	35	3	225	"Ravensville"	35	"M"	0	0	0	52	88016.000000	"S"	5	40	"48"	3	0	5	4	14	33	11.506000	2
132871	2	1	2006-07-28 00:00:00	0		421	2628	44	18	134	"Catburg"	44	"F"	0	0	0	52	88016.000000	"S"	5	33	"36"	3	0	3	2	14	33	9.052320	2
132886	1	1	2006-04-10 00:00:00	1	2006-04-10 00:00:00		61	33	1	180	"Kingsville"	33	"F"	0	0	0	52	88016.000000	"S"	5	14	"24"	3	1	1	1	14	33	9.992330	1
132917	2	1	2006-07-28 00:00:00	0		183	2623	41	11	524	"Ravensville"	41	"F"	0	0	0	52	88016.000000	"M"	5	21	"24"	3	0	3	4	14	33	11.500800	2
132973	2	1	2006-07-20 00:00:00	1		421	2002	30	4	31	"Ravensville"	30	"M"	0	0	0	52	88016.000000	"S"	5	33	"36"	3	0	1	1	14	33	12.296700	2
132987	2	1	2006-07-12 00:00:00	0		183	1330	44	15	192	"Princeton"	44	"F"	0	0	0	52	88016.000000	"S"	5	5	"12"	3	0	6	3	14	33	12.613800	3
133100	2	1	2006-07-25 00:00:00	1		421	2407	32	7	1998	"Kingsville"	32	"M"	0	0	0	52	88016.000000	"M"	5	27	"36"	3	3	3	2	14	33	13.764700	1
133126	2	1	2006-07-21 00:00:00	1		421	2074	39	9	55	"Queensbury"	39	"M"	0	0	0	52	88016.000000	"M"	5	24	"36"	3	1	3	2	14	33	10.784800	3
133177	2	1	2006-07-06 00:00:00	1		421	853	33	1	109	"Catburg"	33	"M"	0	0	0	52	88016.000000	"S"	5	34	"36"	3	0	5	3	14	33	11.297000	3
133216	1	1	2006-04-05 00:00:00	1	2006-04-05 00:00:00		33	42	10	180	"Kingsville"	42	"F"	0	0	0	52	88016.000000	"S"	5	26	"36"	3	2	3	1	14	33	10.159000	2
133221	2	1	2006-07-08 00:00:00	0		183	1016	46	17	158	"Ravensville"	46	"F"	0	0	0	52	88016.000000	"M"	5	28	"36"	3	1	2	1	14	33	7.572330	2
133305	2	1	2006-07-07 00:00:00	0		421	948	49	23	117	"Queensbury"	49	"F"	0	0	0	52	88016.000000	"M"	4	40	"48"	3	3	4	1	14	33	7.742330	1
133374	2	1	2006-07-29 00:00:00	1		183	2698	11	0	519	"Catburg"	11	"F"	0	0	0	52	88016.000000	"S"	5	11	"24"	3	0	6	21	14	33	28.188801	1
133377	2	1	2006-07-22 00:00:00	1		183	2150	47	17	610	"Foxton"	47	"M"	0	0	0	52	88016.000000	"U"	5	14	"24"	3	5	2	25	14	33	31.925600	1
133403	1	1	2006-05-21 00:00:00	1	2006-05-21 00:00:00		376	37	5	462	"Foxton"	37	"F"	0	0	0	52	88016.000000	"M"	5	27	"36"	3	1	0	29	14	33	35.827900	2
133409	2	1	2006-07-26 00:00:00	1		421	2475	37	9	1299	"Foxton"	37	"M"	0	0	0	52	88016.000000	"S"	5	10	"12"	3	0	2	1	14	33	9.282330	1
133467	2	1	2006-07-20 00:00:00	1		183	1992	43	8	416	"Ravensville"	43	"F"	0	0	0	52	88016.000000	"S"	5	8	"12"	3	1	1	8	14	33	17.149300	3
133582	2	1	2006-07-13 00:00:00	1		183	1428	58	32	553	"Queensbury"	58	"M"	0	0	0	52	88016.000000	"M"	4	30	"36"	3	1	4	19	14	33	25.752300	2
133598	2	1	2006-07-05 00:00:00	1		421	773	24	0	219	"Catburg"	24	"F"	0	0	0	52	88016.000000	"S"	5	32	"36"	3	0	1	1	14	33	9.919000	2
133771	2	1	2006-07-16 00:00:00	1		183	1677	25	0	416	"Princeton"	25	"F"	0	0	0	52	88016.000000	"S"	5	20	"24"	3	1	1	8	14	33	14.582600	1
133803	2	1	2006-07-04 00:00:00	1		421	684	45	16	189	"Foxton"	45	"M"	0	0	0	52	88016.000000	"U"	5	24	"36"	3	0	1	1	14	33	9.522330	2
133849	1	1	2006-04-19 00:00:00	1	2006-04-19 00:00:00		115	36	7	159	"Kingsville"	36	"F"	0	0	0	52	88016.000000	"M"	5	7	"12"	3	4	2	1	14	33	9.692330	1
133852	1	1	2006-05-08 00:00:00	1	2006-05-08 00:00:00		273	46	17	281	"Ravensville"	46	"F"	0	0	0	52	88016.000000	"M"	5	19	"24"	3	2	4	2	14	33	10.148000	3
133858	2	1	2006-07-04 00:00:00	0		421	681	40	28	1143	"Ravensville"	40	"M"	0	0	0	52	88016.000000	"M"	4	21	"24"	3	3	3	1	14	33	9.332330	1
133878	2	1	2006-07-16 00:00:00	1		421	1678	43	14	97	"Queensbury"	43	"M"	0	0	0	52	88016.000000	"S"	5	12	"24"	3	0	5	3	14	33	10.190000	2
133901	2	1	2006-07-28 00:00:00	1		421	2630	35	5	201	"Kingsville"	35	"M"	0	0	0	52	88016.000000	"U"	5	19	"24"	3	0	3	2	14	33	10.179000	3
133906	1	1	2006-05-04 00:00:00	1	2006-05-04 00:00:00		242	46	21	159	"Ravensville"	46	"M"	0	0	0	52	88016.000000	"S"	4	34	"36"	3	0	2	1	14	33	9.192330	1
134151	2	1	2006-07-21 00:00:00	1		183	2071	40	15	845	"Foxton"	40	"M"	0	0	0	52	88016.000000	"U"	5	9	"12"	3	0	5	19	14	33	26.244900	2
134248	2	1	2006-07-27 00:00:00	1		421	2567	29	0	94	"Foxton"	29	"M"	0	0	0	52	88016.000000	"S"	5	21	"24"	3	2	1	1	14	33	12.727300	2
134266	2	1	2006-07-29 00:00:00	1		183	2700	26	0	176	"Kingsville"	26	"F"	0	0	0	52	88016.000000	"S"	5	40	"48"	3	0	3	24	14	33	31.060801	2
134336	2	1	2006-07-28 00:00:00	1		183	2602	33	3	604	"Princeton"	33	"F"	0	0	0	52	88016.000000	"S"	5	29	"36"	3	0	4	27	14	33	33.847401	3
134358	2	1	2006-07-16 00:00:00	1		421	1667	32	0	142	"Foxton"	32	"M"	0	0	0	52	88016.000000	"S"	5	33	"36"	3	0	3	1	14	33	13.162300	2
134485	2	1	2006-07-15 00:00:00	1		183	1607	46	16	320	"Princeton"	46	"F"	0	0	1	52	88016.000000	"U"	5	18	"24"	3	3	6	8	14	33	16.411301	3
134512	2	1	2006-07-21 00:00:00	0		183	2072	40	10	148	"Princeton"	40	"F"	0	0	0	52	88016.000000	"S"	5	37	"48"	3	1	4	2	14	33	8.714670	1
134515	2	1	2006-07-20 00:00:00	1		421	1986	29	0	104	"Catburg"	29	"M"	0	0	0	52	88016.000000	"S"	5	36	"48"	3	3	4	2	14	33	9.094490	2
134552	2	1	2006-07-21 00:00:00	0		183	2073	58	28	138	"Ravensville"	58	"M"	0	0	0	52	88016.000000	"M"	4	40	"48"	3	3	4	1	14	33	9.353320	2
134555	2	1	2006-07-01 00:00:00	1		183	498	38	9	588	"Queensbury"	38	"F"	0	0	0	52	88016.000000	"M"	5	34	"36"	3	0	2	21	14	33	27.924801	2
134559	2	1	2006-07-17 00:00:00	0		421	1764	56	22	371	"Princeton"	56	"F"	0	0	0	52	88016.000000	"S"	4	38	"48"	3	5	4	3	14	33	10.496300	3
134591	2	1	2006-07-17 00:00:00	1		421	1799	44	12	104	"Kingsville"	44	"M"	0	0	0	52	88016.000000	"U"	5	24	"36"	3	1	5	3	14	33	10.204000	3
134612	2	1	2006-07-05 00:00:00	0		183	765	45	15	164	"Queensbury"	45	"F"	0	0	0	52	88016.000000	"M"	5	31	"36"	3	0	4	2	14	33	11.682300	3
134788	2	1	2006-07-09 00:00:00	1		183	1126	29	2	494	"Kingsville"	29	"F"	0	0	0	52	88016.000000	"S"	5	24	"36"	3	2	6	20	14	33	26.960501	2
134837	1	1	2006-05-27 00:00:00	1	2006-05-27 00:00:00		432	32	4	159	"Princeton"	32	"M"	0	0	0	52	88016.000000	"U"	5	10	"12"	3	0	2	1	14	33	8.425670	3
134847	1	1	2006-04-27 00:00:00	1	2006-04-27 00:00:00		178	58	30	179	"Ravensville"	58	"M"	0	0	0	52	88016.000000	"U"	4	23	"36"	3	2	3	1	14	33	9.425670	2
134880	2	1	2006-07-21 00:00:00	1		421	2106	21	0	205	"Foxton"	21	"M"	0	0	0	52	88016.000000	"S"	5	5	"12"	3	0	3	1	14	33	7.345670	1
134885	1	1	2006-05-09 00:00:00	1	2006-05-09 00:00:00		281	28	0	215	"Foxton"	28	"F"	0	0	0	52	88016.000000	"S"	5	32	"36"	3	0	4	2	14	33	10.074700	3
134962	1	1	2006-05-05 00:00:00	1	2006-05-05 00:00:00		257	56	29	174	"Kingsville"	56	"F"	0	0	0	52	88016.000000	"U"	4	32	"36"	3	1	1	1	14	33	9.159000	3
135079	2	1	2006-07-13 00:00:00	1		183	1455	35	4	684	"Foxton"	35	"M"	0	0	0	52	88016.000000	"M"	5	18	"24"	3	4	5	26	14	33	32.921299	3
135152	2	1	2006-07-25 00:00:00	1		421	2426	42	14	86	"Catburg"	42	"M"	0	0	0	52	88016.000000	"M"	5	28	"36"	3	1	3	3	14	33	13.679900	1
135187	2	1	2006-07-24 00:00:00	1		421	2289	37	11	124	"Foxton"	37	"M"	0	0	0	52	88016.000000	"S"	5	39	"48"	3	0	3	2	14	33	10.518000	2
135205	2	1	2006-07-28 00:00:00	1		421	2629	36	4	183	"Kingsville"	36	"M"	0	0	0	52	88016.000000	"U"	5	20	"24"	3	1	4	2	14	33	9.235660	3
135284	2	1	2006-07-30 00:00:00	0		421	2786	37	3	299	"Kingsville"	37	"F"	0	0	0	52	88016.000000	"U"	5	12	"24"	3	0	3	1	14	33	12.099000	1
135297	2	1	2006-07-05 00:00:00	0		183	768	58	29	65	"Kingsville"	58	"M"	0	0	0	52	88016.000000	"M"	4	39	"48"	3	1	4	3	14	33	10.391300	3
135331	2	1	2006-07-14 00:00:00	1		421	1484	40	10	317	"Ravensville"	40	"M"	0	0	0	52	88016.000000	"U"	5	35	"48"	3	1	2	1	14	33	11.765700	2
135342	2	1	2006-07-30 00:00:00	1		421	2785	39	7	134	"Catburg"	39	"M"	0	0	0	52	88016.000000	"M"	5	8	"12"	3	1	4	3	14	33	11.167300	3
135358	2	1	2006-07-27 00:00:00	0		421	2573	50	24	105	"Foxton"	50	"F"	0	0	0	52	88016.000000	"U"	4	28	"36"	3	1	3	3	14	33	10.965600	3
135367	1	1	2006-04-03 00:00:00	1	2006-04-03 00:00:00		15	33	5	306	"Catburg"	33	"M"	0	0	0	52	88016.000000	"S"	5	25	"36"	3	2	4	2	14	33	11.349700	1
135462	2	1	2006-07-25 00:00:00	1		183	2396	27	2	454	"Queensbury"	27	"F"	0	0	1	52	88016.000000	"M"	5	5	"12"	3	3	1	7	14	33	15.078200	1
135482	2	1	2006-07-06 00:00:00	0		421	829	57	30	273	"Kingsville"	57	"F"	0	0	0	52	88016.000000	"M"	4	5	"12"	3	0	4	3	14	33	10.173000	1
135552	1	1	2006-05-24 00:00:00	1	2006-05-24 00:00:00		404	42	16	161	"Queensbury"	42	"F"	0	0	0	52	88016.000000	"U"	5	26	"36"	3	7	2	1	14	33	8.525670	2
135687	1	1	2006-04-24 00:00:00	1	2006-04-24 00:00:00		149	49	19	179	"Foxton"	49	"F"	0	0	0	52	88016.000000	"M"	4	20	"24"	3	1	4	1	14	33	9.525670	2
135699	2	1	2006-07-13 00:00:00	1		183	1427	39	12	1027	"Catburg"	39	"M"	0	0	0	52	88016.000000	"S"	5	38	"48"	3	0	0	25	14	33	32.508301	2
135716	2	1	2006-07-02 00:00:00	1		421	523	39	7	277	"Catburg"	39	"M"	0	0	0	52	88016.000000	"S"	5	18	"24"	3	0	3	1	14	33	9.115670	1
135804	2	1	2006-07-07 00:00:00	0		183	972	54	24	124	"Kingsville"	54	"F"	0	0	0	52	88016.000000	"U"	4	32	"36"	3	1	3	1	14	33	12.190700	3
135945	2	1	2006-07-15 00:00:00	1		421	1620	28	1	17	"Queensbury"	28	"M"	0	0	0	52	88016.000000	"S"	5	0	"12"	3	0	1	1	14	33	7.481660	2
136045	2	1	2006-07-05 00:00:00	1		183	787	35	6	583	"Queensbury"	35	"F"	0	0	0	52	88016.000000	"U"	5	35	"36"	3	0	4	28	14	33	35.053600	1
136049	1	1	2006-05-23 00:00:00	1	2006-05-23 00:00:00		390	26	0	298	"Ravensville"	26	"F"	0	0	0	52	88016.000000	"S"	5	7	"12"	3	0	4	3	14	33	10.689000	3
136061	2	1	2006-07-24 00:00:00	0		183	2292	44	16	90	"Kingsville"	44	"M"	0	0	0	52	88016.000000	"U"	5	41	"48"	3	0	4	2	14	33	12.617300	1
136071	2	1	2006-07-07 00:00:00	0		183	946	42	13	179	"Kingsville"	42	"F"	0	0	0	52	88016.000000	"U"	5	18	"24"	3	3	2	1	14	33	8.379000	1
136140	2	1	2006-07-27 00:00:00	1		421	2578	36	7	179	"Ravensville"	36	"M"	0	0	0	52	88016.000000	"U"	5	40	"48"	3	0	2	1	14	33	11.112300	2
136150	2	1	2006-07-07 00:00:00	0		183	970	35	6	75	"Queensbury"	35	"F"	0	0	0	52	88016.000000	"S"	5	21	"24"	3	2	3	3	14	33	10.308300	3
136200	2	1	2006-07-11 00:00:00	1		183	1275	23	0	781	"Foxton"	23	"M"	0	0	0	52	88016.000000	"S"	5	16	"24"	3	0	2	15	14	33	21.891199	1
136211	2	1	2006-07-19 00:00:00	1		183	1942	53	21	184	"Catburg"	53	"M"	0	0	0	52	88016.000000	"S"	4	23	"24"	3	1	4	25	14	33	31.310101	3
136312	2	1	2006-07-13 00:00:00	1		183	1454	37	8	1184	"Kingsville"	37	"F"	0	0	0	52	88016.000000	"U"	5	14	"24"	3	2	5	29	14	33	36.199501	3
136503	2	1	2006-07-25 00:00:00	1		421	2416	26	0	72	"Foxton"	26	"M"	0	0	0	52	88016.000000	"S"	5	24	"36"	3	7	2	1	14	33	9.302330	1
136536	2	1	2006-07-28 00:00:00	1		421	2609	31	3	241	"Catburg"	31	"F"	0	0	0	52	88016.000000	"S"	5	12	"24"	3	0	6	3	14	33	11.946300	3
136582	1	1	2006-05-22 00:00:00	1	2006-05-22 00:00:00		389	60	32	164	"Ravensville"	60	"M"	0	0	0	52	88016.000000	"M"	4	20	"24"	3	1	1	1	14	33	8.592330	1
136605	1	1	2006-05-18 00:00:00	1	2006-05-18 00:00:00		349	33	4	163	"Catburg"	33	"F"	0	0	0	52	88016.000000	"S"	5	16	"24"	3	0	4	1	14	33	8.725670	2
136629	2	1	2006-07-28 00:00:00	0		421	2592	42	15	222	"Kingsville"	42	"F"	0	0	0	52	88016.000000	"S"	5	38	"48"	3	2	3	1	14	33	9.085670	2
136640	2	1	2006-07-26 00:00:00	1		421	2447	32	8	45	"Kingsville"	32	"F"	0	0	0	52	88016.000000	"S"	5	23	"24"	3	0	1	1	14	33	9.205670	3
136655	2	1	2006-07-17 00:00:00	0		421	1791	46	12	277	"Ravensville"	46	"M"	0	0	0	52	88016.000000	"M"	5	33	"36"	3	1	1	1	14	33	8.449000	1
136746	2	1	2006-07-22 00:00:00	1		421	2138	27	0	145	"Princeton"	27	"F"	0	0	0	52	88016.000000	"S"	5	21	"24"	3	1	3	2	14	33	12.909700	3
136747	2	1	2006-07-31 00:00:00	1		183	2865	45	17	465	"Queensbury"	45	"F"	0	0	0	52	88016.000000	"U"	5	27	"36"	3	0	4	29	14	33	35.548100	3
136761	2	1	2006-07-10 00:00:00	1		183	1139	67	34	592	"Foxton"	67	"M"	0	0	0	52	88016.000000	"U"	4	40	"48"	3	1	6	28	14	33	34.757900	2
136856	2	1	2006-07-21 00:00:00	0		183	2102	41	12	31	"Queensbury"	41	"F"	0	0	0	52	88016.000000	"U"	5	13	"24"	3	1	3	3	14	33	9.497140	3
136867	2	1	2006-07-15 00:00:00	1		183	1634	49	21	394	"Catburg"	49	"M"	0	0	0	52	88016.000000	"M"	4	37	"48"	3	1	0	20	14	33	26.824400	2
136917	2	1	2006-07-13 00:00:00	1		421	1448	32	6	74	"Foxton"	32	"M"	0	0	0	52	88016.000000	"S"	5	36	"48"	3	0	4	1	14	33	7.803320	2
136923	2	1	2006-07-28 00:00:00	0		183	2631	42	12	171	"Kingsville"	42	"F"	0	0	0	52	88016.000000	"M"	5	11	"24"	3	3	1	1	14	33	9.016660	1
137009	1	1	2006-04-07 00:00:00	1	2006-04-07 00:00:00		41	49	18	159	"Foxton"	49	"M"	0	0	0	52	88016.000000	"U"	5	14	"24"	3	7	4	1	14	33	10.092300	3
137185	2	1	2006-07-27 00:00:00	0		183	2588	51	23	239	"Ravensville"	51	"F"	0	0	0	52	88016.000000	"U"	4	25	"36"	3	3	2	1	14	33	10.205700	1
137196	2	1	2006-07-01 00:00:00	0		183	503	60	22	1264	"Princeton"	60	"F"	0	0	0	52	88016.000000	"M"	4	14	"24"	3	1	1	1	14	33	8.432330	2
137210	2	1	2006-07-26 00:00:00	0		421	2443	46	16	70	"Princeton"	46	"F"	0	0	0	52	88016.000000	"U"	5	10	"12"	3	0	2	1	14	33	7.235670	3
137279	2	1	2006-07-13 00:00:00	1		183	1466	17	0	453	"Ravensville"	17	"M"	0	0	0	52	88016.000000	"S"	5	12	"24"	3	1	2	9	14	33	15.985600	1
137295	2	1	2006-07-29 00:00:00	0		183	2747	57	30	214	"Princeton"	57	"F"	0	0	0	52	88016.000000	"S"	4	32	"36"	3	0	5	2	14	33	10.880700	3
137296	1	1	2006-04-13 00:00:00	1	2006-04-13 00:00:00		81	39	9	281	"Ravensville"	39	"M"	0	0	0	52	88016.000000	"S"	5	33	"36"	3	0	3	2	14	33	11.011300	2
137311	2	1	2006-07-20 00:00:00	1		183	1973	48	17	208	"Princeton"	48	"F"	0	0	0	52	88016.000000	"M"	5	6	"12"	3	3	6	27	14	33	33.399700	3
137369	2	1	2006-07-17 00:00:00	1		183	1790	36	7	848	"Queensbury"	36	"M"	0	0	0	52	88016.000000	"U"	5	41	"48"	3	0	1	23	14	33	29.896601	1
137397	1	1	2006-04-30 00:00:00	1	2006-04-30 00:00:00		206	22	0	161	"Queensbury"	22	"F"	0	0	0	52	88016.000000	"S"	5	28	"36"	3	0	2	1	14	33	9.325670	1
137570	2	1	2006-07-12 00:00:00	1		183	1313	50	18	468	"Catburg"	50	"F"	0	0	0	52	88016.000000	"U"	5	12	"24"	3	1	6	27	14	33	33.721199	3
137617	2	1	2006-07-10 00:00:00	1		183	1138	58	27	687	"Princeton"	58	"F"	0	0	0	52	88016.000000	"M"	4	11	"12"	3	0	4	25	14	33	32.547699	2
137718	2	1	2006-07-12 00:00:00	1		421	1309	42	8	89	"Catburg"	42	"M"	0	0	0	52	88016.000000	"U"	5	29	"36"	3	3	1	1	14	33	9.422330	3
137803	2	1	2006-07-26 00:00:00	1		421	2455	36	6	369	"Queensbury"	36	"M"	0	0	0	52	88016.000000	"U"	5	38	"48"	3	0	5	3	14	33	11.024700	1
137879	2	1	2006-07-19 00:00:00	1		421	1950	27	2	119	"Princeton"	27	"F"	0	0	0	52	88016.000000	"U"	5	26	"36"	3	0	2	1	14	33	9.519000	3
137945	2	1	2006-07-11 00:00:00	1		421	1284	21	0	64	"Ravensville"	21	"F"	0	0	0	52	88016.000000	"S"	5	15	"24"	3	1	4	3	14	33	9.460980	3
137947	1	1	2006-05-18 00:00:00	1	2006-05-18 00:00:00		351	47	16	167	"Princeton"	47	"M"	0	0	0	52	88016.000000	"S"	5	35	"36"	3	0	4	1	14	33	8.725670	3
138113	2	1	2006-07-06 00:00:00	0		421	817	49	19	108	"Catburg"	49	"F"	0	0	0	52	88016.000000	"M"	4	16	"24"	3	1	3	1	14	33	8.194000	3
138173	2	1	2006-07-06 00:00:00	1		183	822	44	17	713	"Kingsville"	44	"M"	0	0	0	52	88016.000000	"S"	5	16	"24"	3	0	2	24	14	33	31.112801	1
138188	2	1	2006-07-16 00:00:00	0		421	1644	45	19	183	"Queensbury"	45	"F"	0	0	0	52	88016.000000	"M"	4	8	"12"	3	1	2	1	14	33	10.912300	1
138205	1	1	2006-05-13 00:00:00	1	2006-05-13 00:00:00		311	47	18	845	"Ravensville"	47	"F"	0	0	1	52	88016.000000	"M"	5	24	"36"	3	1	4	17	14	33	24.011499	1
138286	2	1	2006-07-02 00:00:00	1		421	514	42	11	74	"Kingsville"	42	"M"	0	0	0	52	88016.000000	"M"	5	31	"36"	3	0	3	2	14	33	9.073990	1
138350	2	1	2006-07-24 00:00:00	0		183	2284	45	14	475	"Ravensville"	45	"M"	0	0	0	52	88016.000000	"U"	5	15	"24"	3	0	6	4	14	33	12.556000	3
138350	1	1	2006-04-16 00:00:00	1	2006-04-16 00:00:00		95	45	14	475	"Ravensville"	45	"M"	0	0	0	52	88016.000000	"U"	5	15	"24"	3	0	6	4	14	33	12.556000	3
138432	2	1	2006-07-30 00:00:00	1		183	2757	41	10	512	"Catburg"	41	"M"	0	0	0	52	88016.000000	"U"	5	6	"12"	3	4	3	27	14	33	34.044601	3
138451	2	1	2006-07-26 00:00:00	1		183	2448	61	29	565	"Kingsville"	61	"M"	0	0	0	52	88016.000000	"S"	4	11	"24"	3	0	6	15	14	33	21.764799	3
138464	2	1	2006-07-01 00:00:00	0		421	502	40	8	224	"Foxton"	40	"F"	0	0	0	52	88016.000000	"M"	5	23	"36"	3	2	3	2	14	33	8.657320	1
138478	1	1	2006-04-30 00:00:00	1	2006-04-30 00:00:00		204	25	0	413	"Queensbury"	25	"M"	0	0	0	52	88016.000000	"S"	5	37	"48"	3	7	0	18	14	33	24.704800	3
138522	2	1	2006-07-03 00:00:00	1		183	593	39	9	435	"Kingsville"	39	"M"	0	0	0	52	88016.000000	"U"	5	33	"36"	3	0	6	11	14	33	17.901100	2
138636	1	1	2006-05-12 00:00:00	1	2006-05-12 00:00:00		307	52	24	171	"Princeton"	52	"M"	0	0	0	52	88016.000000	"M"	4	31	"36"	3	3	3	1	14	33	8.925670	3
138644	2	1	2006-07-21 00:00:00	1		421	2112	32	0	783	"Ravensville"	32	"M"	0	0	0	52	88016.000000	"S"	5	23	"36"	3	0	5	5	14	33	12.245000	1
138648	2	1	2006-07-12 00:00:00	0		183	1299	53	23	69	"Princeton"	53	"M"	0	0	0	52	88016.000000	"U"	4	35	"48"	3	4	3	2	14	33	8.598270	2
138659	2	1	2006-07-20 00:00:00	1		421	1962	29	2	215	"Ravensville"	29	"F"	0	0	0	52	88016.000000	"U"	5	36	"48"	3	1	3	1	14	33	7.665670	1
138673	2	1	2006-07-08 00:00:00	1		183	994	32	6	450	"Foxton"	32	"F"	0	0	0	52	88016.000000	"M"	5	16	"24"	3	2	5	12	14	33	19.294399	1
138698	2	1	2006-07-23 00:00:00	0		421	2270	41	12	107	"Princeton"	41	"F"	0	0	0	52	88016.000000	"U"	5	24	"36"	3	0	4	3	14	33	10.226300	3
138710	2	1	2006-07-23 00:00:00	1		421	2274	36	2	343	"Catburg"	36	"M"	0	0	0	52	88016.000000	"U"	5	14	"24"	3	1	5	3	14	33	12.799700	2
138728	2	1	2006-07-28 00:00:00	1		183	2596	58	32	822	"Kingsville"	58	"M"	0	0	0	52	88016.000000	"S"	4	7	"12"	3	1	4	29	14	33	35.953201	3
138737	1	1	2006-05-08 00:00:00	1	2006-05-08 00:00:00		274	41	8	174	"Foxton"	41	"M"	0	0	0	52	88016.000000	"M"	5	14	"24"	3	0	4	1	14	33	9.059000	2
138757	1	1	2006-04-20 00:00:00	1	2006-04-20 00:00:00		118	39	10	452	"Ravensville"	39	"F"	0	0	0	52	88016.000000	"U"	5	32	"36"	3	0	2	24	14	33	30.865900	3
138851	2	1	2006-07-13 00:00:00	1		421	1464	19	0	227	"Princeton"	19	"M"	0	0	0	52	88016.000000	"S"	5	6	"12"	3	0	4	2	14	33	12.884700	2
138877	2	1	2006-07-24 00:00:00	1		183	2286	46	16	458	"Foxton"	46	"M"	0	0	0	52	88016.000000	"M"	5	12	"24"	3	3	0	28	14	33	34.673599	3
138885	2	1	2006-07-21 00:00:00	1		421	2039	26	0	105	"Princeton"	26	"F"	0	0	0	52	88016.000000	"S"	5	6	"12"	3	0	2	1	14	33	9.666660	3
138890	2	1	2006-07-22 00:00:00	0		183	2128	47	19	196	"Kingsville"	47	"F"	0	0	0	52	88016.000000	"U"	4	30	"36"	3	1	4	3	14	33	12.996000	1
138901	2	1	2006-07-25 00:00:00	0		421	2372	50	21	109	"Queensbury"	50	"M"	0	0	0	52	88016.000000	"U"	4	9	"12"	3	2	2	1	14	33	9.975670	3
